* Stopping power tables calculated with libdEdx, version 1.2.1-svn0
* by user fredo on host fredo-ThinkPad-P52s.
* Date of this calculation: Thu Jul  8 13:17:28 2021
* Timestamp: 20210708_131728
* Target material id: 262
* Target material name: TISSUE_SOFT_ICRUFOUR_COMPONENT
* Algorithm: DEDX_PSTAR for z = 1 and DEDX_MSTAR for z > 1
* Energy [MeV/nucleon] dE/dx [MeV cm2/g] for ions 1<=z<=18 
2.500E-02 7.633E+02 1.291E+03 1.655E+03 2.191E+03 2.881E+03 3.597E+03 4.121E+03 4.305E+03 4.181E+03 3.975E+03 3.827E+03 3.761E+03 4.096E+03 4.671E+03 5.229E+03 5.540E+03 5.543E+03 5.448E+03 
3.000E-02 8.105E+02 1.413E+03 1.830E+03 2.424E+03 3.189E+03 3.986E+03 4.578E+03 4.806E+03 4.707E+03 4.534E+03 4.416E+03 4.349E+03 4.726E+03 5.361E+03 5.967E+03 6.290E+03 6.262E+03 6.114E+03 
4.000E-02 8.795E+02 1.621E+03 2.140E+03 2.840E+03 3.738E+03 4.682E+03 5.403E+03 5.723E+03 5.688E+03 5.603E+03 5.567E+03 5.502E+03 5.961E+03 6.708E+03 7.401E+03 7.743E+03 7.655E+03 7.403E+03 
5.000E-02 9.234E+02 1.794E+03 2.411E+03 3.204E+03 4.219E+03 5.294E+03 6.136E+03 6.551E+03 6.595E+03 6.619E+03 6.682E+03 6.626E+03 7.164E+03 8.016E+03 8.788E+03 9.149E+03 9.007E+03 8.657E+03 
6.000E-02 9.485E+02 1.938E+03 2.649E+03 3.527E+03 4.646E+03 5.838E+03 6.794E+03 7.305E+03 7.437E+03 7.584E+03 7.756E+03 7.713E+03 8.329E+03 9.280E+03 1.013E+04 1.051E+04 1.032E+04 9.886E+03 
7.000E-02 9.597E+02 2.058E+03 2.860E+03 3.815E+03 5.026E+03 6.324E+03 7.386E+03 7.993E+03 8.218E+03 8.496E+03 8.783E+03 8.758E+03 9.449E+03 1.049E+04 1.142E+04 1.182E+04 1.160E+04 1.109E+04 
8.000E-02 9.607E+02 2.158E+03 3.046E+03 4.071E+03 5.364E+03 6.759E+03 7.919E+03 8.620E+03 8.941E+03 9.353E+03 9.760E+03 9.755E+03 1.052E+04 1.165E+04 1.264E+04 1.308E+04 1.283E+04 1.226E+04 
9.000E-02 9.541E+02 2.240E+03 3.210E+03 4.298E+03 5.665E+03 7.146E+03 8.397E+03 9.189E+03 9.608E+03 1.016E+04 1.068E+04 1.070E+04 1.153E+04 1.275E+04 1.381E+04 1.427E+04 1.401E+04 1.339E+04 
1.000E-01 9.422E+02 2.307E+03 3.354E+03 4.500E+03 5.931E+03 7.489E+03 8.825E+03 9.704E+03 1.022E+04 1.090E+04 1.155E+04 1.159E+04 1.249E+04 1.379E+04 1.491E+04 1.541E+04 1.514E+04 1.448E+04 
1.500E-01 8.459E+02 2.463E+03 3.824E+03 5.185E+03 6.840E+03 8.671E+03 1.033E+04 1.158E+04 1.254E+04 1.383E+04 1.501E+04 1.518E+04 1.637E+04 1.799E+04 1.940E+04 2.008E+04 1.989E+04 1.918E+04 
2.000E-01 7.426E+02 2.437E+03 3.998E+03 5.483E+03 7.243E+03 9.207E+03 1.105E+04 1.256E+04 1.386E+04 1.561E+04 1.720E+04 1.750E+04 1.888E+04 2.073E+04 2.235E+04 2.323E+04 2.320E+04 2.262E+04 
2.500E-01 6.547E+02 2.328E+03 3.999E+03 5.550E+03 7.344E+03 9.356E+03 1.130E+04 1.297E+04 1.450E+04 1.657E+04 1.844E+04 1.885E+04 2.037E+04 2.236E+04 2.413E+04 2.518E+04 2.535E+04 2.496E+04 
3.000E-01 5.853E+02 2.184E+03 3.899E+03 5.475E+03 7.262E+03 9.268E+03 1.124E+04 1.301E+04 1.470E+04 1.697E+04 1.902E+04 1.952E+04 2.112E+04 2.319E+04 2.506E+04 2.625E+04 2.661E+04 2.643E+04 
4.000E-01 4.873E+02 1.898E+03 3.600E+03 5.174E+03 6.902E+03 8.838E+03 1.080E+04 1.264E+04 1.448E+04 1.696E+04 1.918E+04 1.981E+04 2.150E+04 2.363E+04 2.561E+04 2.702E+04 2.771E+04 2.791E+04 
5.000E-01 4.220E+02 1.665E+03 3.299E+03 4.849E+03 6.511E+03 8.365E+03 1.027E+04 1.212E+04 1.403E+04 1.656E+04 1.885E+04 1.958E+04 2.129E+04 2.343E+04 2.547E+04 2.703E+04 2.796E+04 2.847E+04 
6.000E-01 3.746E+02 1.483E+03 3.034E+03 4.551E+03 6.155E+03 7.935E+03 9.786E+03 1.162E+04 1.354E+04 1.608E+04 1.838E+04 1.917E+04 2.089E+04 2.303E+04 2.510E+04 2.676E+04 2.788E+04 2.864E+04 
7.000E-01 3.378E+02 1.339E+03 2.806E+03 4.290E+03 5.846E+03 7.563E+03 9.361E+03 1.116E+04 1.308E+04 1.560E+04 1.789E+04 1.873E+04 2.045E+04 2.258E+04 2.466E+04 2.640E+04 2.768E+04 2.862E+04 
8.000E-01 3.083E+02 1.224E+03 2.610E+03 4.060E+03 5.574E+03 7.236E+03 8.986E+03 1.076E+04 1.266E+04 1.514E+04 1.741E+04 1.830E+04 2.001E+04 2.212E+04 2.421E+04 2.601E+04 2.740E+04 2.850E+04 
9.000E-01 2.843E+02 1.129E+03 2.440E+03 3.854E+03 5.332E+03 6.946E+03 8.652E+03 1.040E+04 1.227E+04 1.471E+04 1.695E+04 1.788E+04 1.958E+04 2.167E+04 2.377E+04 2.561E+04 2.709E+04 2.831E+04 
1.000E+00 2.641E+02 1.049E+03 2.291E+03 3.669E+03 5.113E+03 6.685E+03 8.351E+03 1.006E+04 1.192E+04 1.431E+04 1.651E+04 1.747E+04 1.917E+04 2.124E+04 2.333E+04 2.521E+04 2.676E+04 2.808E+04 
1.500E+00 1.976E+02 7.859E+02 1.759E+03 2.959E+03 4.259E+03 5.666E+03 7.167E+03 8.739E+03 1.045E+04 1.261E+04 1.465E+04 1.569E+04 1.733E+04 1.930E+04 2.133E+04 2.327E+04 2.503E+04 2.665E+04 
2.000E+00 1.600E+02 6.363E+02 1.434E+03 2.477E+03 3.653E+03 4.934E+03 6.308E+03 7.760E+03 9.345E+03 1.130E+04 1.318E+04 1.426E+04 1.583E+04 1.769E+04 1.965E+04 2.157E+04 2.339E+04 2.512E+04 
2.500E+00 1.354E+02 5.386E+02 1.217E+03 2.130E+03 3.197E+03 4.375E+03 5.645E+03 6.995E+03 8.469E+03 1.026E+04 1.200E+04 1.310E+04 1.460E+04 1.637E+04 1.824E+04 2.012E+04 2.193E+04 2.369E+04 
3.000E+00 1.180E+02 4.692E+02 1.061E+03 1.870E+03 2.842E+03 3.931E+03 5.112E+03 6.374E+03 7.752E+03 9.404E+03 1.103E+04 1.213E+04 1.356E+04 1.524E+04 1.704E+04 1.885E+04 2.064E+04 2.239E+04 
4.000E+00 9.460E+01 3.762E+02 8.508E+02 1.509E+03 2.327E+03 3.266E+03 4.302E+03 5.420E+03 6.639E+03 8.072E+03 9.508E+03 1.058E+04 1.191E+04 1.344E+04 1.508E+04 1.677E+04 1.847E+04 2.015E+04 
5.000E+00 7.952E+01 3.162E+02 7.152E+02 1.271E+03 1.973E+03 2.796E+03 3.717E+03 4.719E+03 5.814E+03 7.082E+03 8.373E+03 9.405E+03 1.064E+04 1.204E+04 1.356E+04 1.513E+04 1.673E+04 1.832E+04 
6.000E+00 6.890E+01 2.740E+02 6.198E+02 1.102E+03 1.716E+03 2.446E+03 3.274E+03 4.182E+03 5.176E+03 6.315E+03 7.490E+03 8.477E+03 9.629E+03 1.093E+04 1.233E+04 1.380E+04 1.530E+04 1.681E+04 
7.000E+00 6.097E+01 2.424E+02 5.485E+02 9.750E+02 1.521E+03 2.177E+03 2.926E+03 3.756E+03 4.667E+03 5.702E+03 6.781E+03 7.723E+03 8.803E+03 1.001E+04 1.132E+04 1.269E+04 1.411E+04 1.553E+04 
8.000E+00 5.480E+01 2.179E+02 4.930E+02 8.765E+02 1.368E+03 1.963E+03 2.648E+03 3.411E+03 4.251E+03 5.201E+03 6.199E+03 7.098E+03 8.115E+03 9.248E+03 1.047E+04 1.176E+04 1.309E+04 1.444E+04 
9.000E+00 4.987E+01 1.983E+02 4.487E+02 7.976E+02 1.246E+03 1.789E+03 2.420E+03 3.126E+03 3.906E+03 4.785E+03 5.713E+03 6.571E+03 7.532E+03 8.598E+03 9.748E+03 1.096E+04 1.222E+04 1.350E+04 
1.000E+01 4.581E+01 1.822E+02 4.122E+02 7.328E+02 1.145E+03 1.646E+03 2.230E+03 2.887E+03 3.615E+03 4.432E+03 5.300E+03 6.121E+03 7.031E+03 8.038E+03 9.124E+03 1.027E+04 1.147E+04 1.268E+04 
1.500E+01 3.299E+01 1.312E+02 2.969E+02 5.279E+02 8.248E+02 1.187E+03 1.615E+03 2.103E+03 2.649E+03 3.259E+03 3.918E+03 4.583E+03 5.307E+03 6.097E+03 6.948E+03 7.852E+03 8.800E+03 9.775E+03 
2.000E+01 2.611E+01 1.038E+02 2.350E+02 4.178E+02 6.528E+02 9.400E+02 1.279E+03 1.669E+03 2.108E+03 2.597E+03 3.132E+03 3.688E+03 4.290E+03 4.943E+03 5.646E+03 6.394E+03 7.181E+03 7.997E+03 
2.500E+01 2.178E+01 8.660E+01 1.960E+02 3.485E+02 5.445E+02 7.840E+02 1.067E+03 1.393E+03 1.762E+03 2.172E+03 2.623E+03 3.101E+03 3.617E+03 4.176E+03 4.776E+03 5.416E+03 6.091E+03 6.794E+03 
3.000E+01 1.878E+01 7.468E+01 1.690E+02 3.005E+02 4.695E+02 6.761E+02 9.203E+02 1.202E+03 1.520E+03 1.876E+03 2.267E+03 2.686E+03 3.139E+03 3.628E+03 4.154E+03 4.714E+03 5.307E+03 5.926E+03 
4.000E+01 1.488E+01 5.920E+01 1.340E+02 2.382E+02 3.722E+02 5.360E+02 7.296E+02 9.529E+02 1.206E+03 1.488E+03 1.800E+03 2.138E+03 2.504E+03 2.898E+03 3.322E+03 3.774E+03 4.253E+03 4.756E+03 
5.000E+01 1.245E+01 4.953E+01 1.121E+02 1.993E+02 3.114E+02 4.485E+02 6.104E+02 7.973E+02 1.009E+03 1.246E+03 1.507E+03 1.792E+03 2.100E+03 2.433E+03 2.790E+03 3.172E+03 3.576E+03 4.003E+03 
6.000E+01 1.078E+01 4.288E+01 9.708E+01 1.726E+02 2.697E+02 3.883E+02 5.285E+02 6.903E+02 8.737E+02 1.079E+03 1.305E+03 1.552E+03 1.820E+03 2.110E+03 2.420E+03 2.752E+03 3.105E+03 3.477E+03 
7.000E+01 9.557E+00 3.802E+01 8.608E+01 1.530E+02 2.391E+02 3.443E+02 4.686E+02 6.121E+02 7.747E+02 9.564E+02 1.157E+03 1.377E+03 1.615E+03 1.872E+03 2.148E+03 2.443E+03 2.757E+03 3.088E+03 
8.000E+01 8.622E+00 3.431E+01 7.766E+01 1.381E+02 2.157E+02 3.107E+02 4.228E+02 5.523E+02 6.990E+02 8.629E+02 1.044E+03 1.242E+03 1.458E+03 1.690E+03 1.940E+03 2.206E+03 2.490E+03 2.790E+03 
9.000E+01 7.884E+00 3.137E+01 7.102E+01 1.263E+02 1.973E+02 2.841E+02 3.867E+02 5.050E+02 6.392E+02 7.891E+02 9.548E+02 1.136E+03 1.333E+03 1.546E+03 1.774E+03 2.018E+03 2.278E+03 2.553E+03 
1.000E+02 7.285E+00 2.899E+01 6.563E+01 1.167E+02 1.823E+02 2.625E+02 3.573E+02 4.667E+02 5.907E+02 7.292E+02 8.823E+02 1.050E+03 1.232E+03 1.429E+03 1.640E+03 1.866E+03 2.106E+03 2.360E+03 
1.500E+02 5.439E+00 2.165E+01 4.902E+01 8.715E+01 1.362E+02 1.961E+02 2.669E+02 3.486E+02 4.412E+02 5.447E+02 6.591E+02 7.844E+02 9.205E+02 1.068E+03 1.225E+03 1.394E+03 1.574E+03 1.764E+03 
2.000E+02 4.486E+00 1.786E+01 4.045E+01 7.191E+01 1.124E+02 1.618E+02 2.202E+02 2.876E+02 3.640E+02 4.494E+02 5.438E+02 6.472E+02 7.595E+02 8.808E+02 1.011E+03 1.150E+03 1.299E+03 1.456E+03 
2.500E+02 3.904E+00 1.555E+01 3.522E+01 6.261E+01 9.782E+01 1.409E+02 1.917E+02 2.504E+02 3.169E+02 3.913E+02 4.735E+02 5.635E+02 6.613E+02 7.669E+02 8.804E+02 1.002E+03 1.131E+03 1.268E+03 
3.000E+02 3.514E+00 1.400E+01 3.170E+01 5.636E+01 8.806E+01 1.268E+02 1.726E+02 2.254E+02 2.853E+02 3.522E+02 4.262E+02 5.072E+02 5.953E+02 6.904E+02 7.925E+02 9.017E+02 1.018E+03 1.141E+03 
4.000E+02 3.025E+00 1.206E+01 2.731E+01 4.855E+01 7.586E+01 1.092E+02 1.487E+02 1.942E+02 2.458E+02 3.034E+02 3.672E+02 4.370E+02 5.128E+02 5.947E+02 6.827E+02 7.768E+02 8.769E+02 9.831E+02 
5.000E+02 2.736E+00 1.091E+01 2.471E+01 4.393E+01 6.864E+01 9.885E+01 1.345E+02 1.757E+02 2.224E+02 2.746E+02 3.322E+02 3.954E+02 4.640E+02 5.382E+02 6.178E+02 7.029E+02 7.935E+02 8.896E+02 
6.000E+02 2.548E+00 1.017E+01 2.302E+01 4.093E+01 6.395E+01 9.209E+01 1.253E+02 1.637E+02 2.072E+02 2.558E+02 3.095E+02 3.683E+02 4.323E+02 5.014E+02 5.755E+02 6.548E+02 7.392E+02 8.288E+02 
7.000E+02 2.418E+00 9.652E+00 2.186E+01 3.885E+01 6.071E+01 8.742E+01 1.190E+02 1.554E+02 1.967E+02 2.428E+02 2.938E+02 3.497E+02 4.104E+02 4.760E+02 5.464E+02 6.217E+02 7.018E+02 7.868E+02 
8.000E+02 2.325E+00 9.280E+00 2.101E+01 3.736E+01 5.837E+01 8.406E+01 1.144E+02 1.494E+02 1.891E+02 2.335E+02 2.825E+02 3.362E+02 3.946E+02 4.577E+02 5.254E+02 5.978E+02 6.748E+02 7.565E+02 
9.000E+02 2.255E+00 9.008E+00 2.040E+01 3.627E+01 5.666E+01 8.160E+01 1.111E+02 1.451E+02 1.836E+02 2.267E+02 2.743E+02 3.264E+02 3.831E+02 4.442E+02 5.100E+02 5.802E+02 6.550E+02 7.344E+02 
1.000E+03 2.203E+00 8.800E+00 1.993E+01 3.543E+01 5.535E+01 7.971E+01 1.085E+02 1.417E+02 1.793E+02 2.214E+02 2.679E+02 3.188E+02 3.742E+02 4.340E+02 4.982E+02 5.668E+02 6.399E+02 7.174E+02 
