
*---><---><--------><--------><--------><--------><--------><-------->
*Range shiter
  RCC    1       0.0       0.0       0.1       0.0       0.0  ${DEPTH}
                25.0
*---><---><--------><--------><--------><--------><--------><-------->
*cells (assuming water)
  RCC    2       0.0       0.0       5.0       0.0       0.0      0.05
                 5.0
*---><---><--------><--------><--------><--------><--------><-------->
*vacuum
  RCC    3       0.0       0.0      -5.0       0.0       0.0     200.0
                30.0
*black hole
  RCC    4       0.0       0.0     -10.0       0.0       0.0     250.0
                35.0
  END
*.<-><--->..<--->OR<--->OR<--->OR<--->OR<--->OR<--->OR<--->OR<--->OR<--->
  001          +1
  003          +2
  004          +3     -1     -2
  005          +4     -3
  END
*---><---><---><---><---><---><---><---><---><---><---><---><---><--->
    1    2    3    4
 ${M}    2 1000    0
