LET AvgEnergyPrim DLET DLETPrim TLET TLETPrim dQ dQPrim tQ tQPrim dZ2Beta2 dZ2Beta2Prim tZ2Beta2 tZ2Beta2Prim
137 1.218931e+01 1.442336e+03 1.449410e+03 7.024507e+02 1.427608e+03 3.769355e+00 3.071900e+00 1.097579e+00 3.017314e+00 1.781770e+03 1.457737e+03 5.201450e+02 1.432363e+03
276 5.167739e+00 2.761298e+03 2.759920e+03 2.721901e+03 2.735831e+03 7.376720e+00 7.159236e+00 7.312497e+00 7.084450e+00 3.462647e+03 3.361369e+03 3.432538e+03 3.326587e+03
40.15 5.548828e+01 3.994803e+02 4.126151e+02 2.392525e+02 4.125518e+02 7.351257e-01 6.477037e-01 2.702794e-01 6.488346e-01 3.682770e+02 3.288773e+02 1.365350e+02 3.294531e+02
78.452 2.509289e+01 8.406186e+02 7.810454e+02 4.204664e+02 7.803362e+02 2.555701e+00 1.435603e+00 6.292527e-01 1.436613e+00 1.216300e+03 6.956985e+02 3.025648e+02 6.962179e+02
151.5 1.092999e+01 1.612392e+03 1.611056e+03 7.891973e+02 1.568259e+03 4.477677e+00 3.602240e+00 1.295579e+00 3.448694e+00 2.111743e+03 1.704735e+03 6.124134e+02 1.633271e+03
182.1 8.787311e+00 1.821359e+03 1.818854e+03 1.812672e+03 1.816075e+03 4.271660e+00 4.107674e+00 4.225541e+00 4.107048e+00 2.016506e+03 1.940130e+03 1.994960e+03 1.939888e+03
129.9 1.333761e+01 1.344758e+03 1.335273e+03 6.742221e+02 1.321355e+03 3.467385e+00 2.769735e+00 9.995972e-01 2.738991e+00 1.641157e+03 1.317011e+03 4.745301e+02 1.302741e+03
57.6 3.630829e+01 5.902185e+02 5.802671e+02 3.229781e+02 5.801312e+02 1.817939e+00 9.903481e-01 4.618504e-01 9.918537e-01 8.725821e+02 4.883748e+02 2.251404e+02 4.891250e+02
232.1 6.456318e+00 2.321494e+03 2.320633e+03 2.308749e+03 2.310562e+03 5.856237e+00 5.640588e+00 5.882393e+00 5.618240e+00 2.754502e+03 2.654069e+03 2.766666e+03 2.643710e+03
432 2.943112e+00 4.330509e+03 4.330037e+03 4.110762e+03 4.122742e+03 1.563581e+01 1.557324e+01 1.423577e+01 1.418774e+01 7.309291e+03 7.280155e+03 6.657131e+03 6.634914e+03
416.6 3.075270e+00 4.165307e+03 4.165269e+03 3.984734e+03 3.992023e+03 1.432614e+01 1.426943e+01 1.329227e+01 1.321734e+01 6.699311e+03 6.672908e+03 6.217757e+03 6.182953e+03
60 3.521174e+01 6.002488e+02 5.951584e+02 3.285310e+02 5.949859e+02 1.480492e+00 1.021288e+00 4.260095e-01 1.022791e+00 7.154124e+02 5.027798e+02 2.082711e+02 5.035288e+02
205.821 7.518754e+00 2.058754e+03 2.058126e+03 2.032210e+03 2.052727e+03 5.020145e+00 4.816745e+00 4.974611e+00 4.809022e+00 2.365093e+03 2.270372e+03 2.343641e+03 2.266824e+03
127 1.389019e+01 1.298060e+03 1.288101e+03 6.605438e+02 1.276232e+03 3.316203e+00 2.650460e+00 9.855790e-01 2.625201e+00 1.570718e+03 1.261461e+03 4.681506e+02 1.249746e+03
254.7 5.726048e+00 2.549455e+03 2.548641e+03 2.522084e+03 2.532516e+03 6.492167e+00 6.404447e+00 6.410418e+00 6.360616e+00 3.050681e+03 3.009831e+03 3.012475e+03 2.989466e+03
102 1.848352e+01 1.023969e+03 1.006641e+03 5.131304e+02 1.003803e+03 2.931226e+00 1.958773e+00 7.822881e-01 1.955605e+00 1.391246e+03 9.393323e+02 3.733038e+02 9.379058e+02
117 1.607200e+01 1.150819e+03 1.132773e+03 6.003994e+02 1.127310e+03 2.835365e+00 2.265271e+00 8.719358e-01 2.255846e+00 1.346769e+03 1.082071e+03 4.156522e+02 1.077731e+03
79.4 2.455621e+01 8.184190e+02 7.949394e+02 4.206355e+02 7.941910e+02 2.185142e+00 1.467120e+00 5.851732e-01 1.468076e+00 1.043617e+03 7.103748e+02 2.817837e+02 7.108690e+02
40.599 5.486673e+01 4.062982e+02 4.162850e+02 2.398755e+02 4.162568e+02 1.067835e+00 6.550613e-01 3.024021e-01 6.561864e-01 5.232303e+02 3.323013e+02 1.512831e+02 3.328744e+02
359.5 3.683799e+00 3.591340e+03 3.591514e+03 3.501717e+03 3.504839e+03 1.082716e+01 1.075775e+01 1.047437e+01 1.036051e+01 5.069682e+03 5.037359e+03 4.905376e+03 4.852397e+03
54.522 3.793118e+01 5.662144e+02 5.594515e+02 3.166856e+02 5.592973e+02 1.486639e+00 9.479194e-01 4.119686e-01 9.493697e-01 7.183163e+02 4.686213e+02 2.018545e+02 4.693457e+02
31 7.426859e+01 3.189134e+02 3.285218e+02 2.007452e+02 3.285133e+02 9.995158e-01 4.838820e-01 2.605021e-01 4.847382e-01 4.915341e+02 2.526624e+02 1.330473e+02 2.531104e+02
141.82 1.157120e+01 1.509328e+03 1.520340e+03 7.438141e+02 1.492493e+03 3.900136e+00 3.267910e+00 1.165627e+00 3.194756e+00 1.842722e+03 1.549025e+03 5.519570e+02 1.515004e+03
501.5 2.526422e+00 5.016038e+03 5.016295e+03 4.610503e+03 4.619833e+03 2.730295e+01 2.725242e+01 2.433364e+01 2.433571e+01 1.274323e+04 1.271970e+04 1.136017e+04 1.136130e+04
88 2.074832e+01 9.325374e+02 9.136357e+02 4.714673e+02 9.119875e+02 2.541363e+00 1.740578e+00 6.842233e-01 1.739817e+00 1.209619e+03 8.377190e+02 3.277192e+02 8.374137e+02
30 7.877807e+01 3.032463e+02 3.139960e+02 2.005918e+02 3.138522e+02 1.012549e+00 4.561787e-01 2.672387e-01 4.569881e-01 4.978336e+02 2.397798e+02 1.370536e+02 2.402060e+02
22.5 1.234503e+02 2.258457e+02 2.272497e+02 2.009885e+02 2.271109e+02 5.698131e-01 2.910930e-01 2.679836e-01 2.916157e-01 2.925877e+02 1.630854e+02 1.467210e+02 1.633785e+02
50.29 4.082538e+01 5.249865e+02 5.265600e+02 2.925049e+02 5.264747e+02 1.815562e+00 8.805842e-01 4.185141e-01 8.820010e-01 8.714426e+02 4.372735e+02 2.047513e+02 4.379823e+02
493.06 2.573867e+00 4.935127e+03 4.935751e+03 4.559091e+03 4.563839e+03 2.406139e+01 2.402417e+01 2.017296e+01 2.010296e+01 1.123348e+04 1.121615e+04 9.422460e+03 9.389907e+03
80.6 2.388009e+01 8.319701e+02 8.135706e+02 4.231564e+02 8.127178e+02 2.106392e+00 1.509014e+00 5.764352e-01 1.509817e+00 1.006956e+03 7.298839e+02 2.776266e+02 7.303066e+02
