0.005214
0.005214
0.023196
0.025431
0.026008
0.036491
0.036491
0.043267
0.043811
0.043883
0.047783
0.048115
0.048174
0.049242
0.049716
0.050964
0.051072
0.051072
0.052616
0.052616
0.004386
0.005214
0.024853
0.026008
0.039152
0.039676
0.046852
0.046852
0.048437
0.048466
0.050568
0.050642
0.326811
2.090667
2.214706
2.879164
2.899372
3.196687
3.267842
3.314601
3.346839
3.468473
3.472367
3.477513
3.509763
3.552983
3.584899
3.593887
3.602361
3.606397
0.000143
0.004253
0.007682
0.009494
0.010744
0.013996
0.015115
0.015308
0.016451
0.016624
0.326811
0.326811
2.090667
2.131509
2.171764
2.884228
2.971433
3.188705
3.271540
3.416350
3.477513
3.509763
3.602361
3.607973
3.611057
0.000111
0.003237
0.009025
0.010224
0.013177
0.013996
0.015778
0.016451
0.016624
0.091739
0.091739
2.863924
2.869012
3.364701
3.477513
3.567507
3.607973
3.645826
0.042412
0.042412
0.070552
1.173638
1.287008
1.483389
1.659282
1.914922
1.944538
1.990099
1.998259
2.045642
2.067763
2.091476
2.095854
2.120404
2.140933
2.142903
2.149367
0.042412
0.751028
0.899657
1.078295
1.233085
1.273161
1.584163
1.706091
1.964484
1.964484
1.970394
2.042454
2.113104
2.095854
2.113104
2.114083
2.115058
2.117973
2.120404
2.134094
2.140933
2.147549
0.042412
1.220915
1.227008
1.549104
1.589098
1.663912
1.964484
1.986434
2.049541
2.077448
2.084921
2.113104
2.117973
