* Stopping power tables calculated with libdEdx, version 1.2.1-svn0
* by user fredrik on host trip.
* Date of this calculation: Fri Oct 18 14:32:28 2019
* Timestamp: 20191018_143228
* Target material id: 79
* Target material name: GOLD
* Algorithm: DEDX_PSTAR for z = 1 and DEDX_MSTAR for z > 1
* Energy [MeV/nucleon] dE/dx [MeV cm2/g] for ions 1<=z<=18 
2.500E-02 6.943E+01 1.647E+02 2.142E+02 2.835E+02 3.729E+02 4.655E+02 5.332E+02 5.571E+02 5.411E+02 5.144E+02 4.952E+02 4.867E+02 5.300E+02 6.045E+02 6.767E+02 7.169E+02 7.173E+02 7.050E+02 
3.000E-02 7.484E+01 1.823E+02 2.389E+02 3.165E+02 4.164E+02 5.204E+02 5.978E+02 6.275E+02 6.146E+02 5.919E+02 5.766E+02 5.678E+02 6.170E+02 7.000E+02 7.791E+02 8.212E+02 8.176E+02 7.984E+02 
4.000E-02 8.377E+01 2.131E+02 2.839E+02 3.767E+02 4.958E+02 6.210E+02 7.167E+02 7.591E+02 7.544E+02 7.432E+02 7.384E+02 7.298E+02 7.906E+02 8.898E+02 9.816E+02 1.027E+03 1.015E+03 9.819E+02 
5.000E-02 9.081E+01 2.395E+02 3.243E+02 4.310E+02 5.675E+02 7.120E+02 8.253E+02 8.811E+02 8.870E+02 8.903E+02 8.987E+02 8.911E+02 9.635E+02 1.078E+03 1.182E+03 1.230E+03 1.211E+03 1.164E+03 
6.000E-02 9.640E+01 2.624E+02 3.610E+02 4.806E+02 6.330E+02 7.955E+02 9.257E+02 9.953E+02 1.013E+03 1.033E+03 1.057E+03 1.051E+03 1.135E+03 1.264E+03 1.380E+03 1.432E+03 1.407E+03 1.347E+03 
7.000E-02 1.008E+02 2.825E+02 3.945E+02 5.262E+02 6.933E+02 8.724E+02 1.019E+03 1.103E+03 1.134E+03 1.172E+03 1.212E+03 1.208E+03 1.303E+03 1.448E+03 1.575E+03 1.631E+03 1.600E+03 1.529E+03 
8.000E-02 1.043E+02 2.999E+02 4.253E+02 5.684E+02 7.489E+02 9.437E+02 1.106E+03 1.203E+03 1.248E+03 1.306E+03 1.363E+03 1.362E+03 1.469E+03 1.627E+03 1.765E+03 1.826E+03 1.792E+03 1.711E+03 
9.000E-02 1.069E+02 3.152E+02 4.536E+02 6.073E+02 8.004E+02 1.010E+03 1.186E+03 1.298E+03 1.357E+03 1.435E+03 1.509E+03 1.512E+03 1.630E+03 1.802E+03 1.951E+03 2.017E+03 1.980E+03 1.891E+03 
1.000E-01 1.089E+02 3.285E+02 4.794E+02 6.433E+02 8.479E+02 1.071E+03 1.262E+03 1.387E+03 1.461E+03 1.558E+03 1.651E+03 1.657E+03 1.785E+03 1.971E+03 2.132E+03 2.202E+03 2.164E+03 2.069E+03 
1.500E-01 1.120E+02 3.715E+02 5.785E+02 7.844E+02 1.035E+03 1.312E+03 1.563E+03 1.752E+03 1.897E+03 2.092E+03 2.271E+03 2.297E+03 2.476E+03 2.722E+03 2.935E+03 3.038E+03 3.009E+03 2.902E+03 
2.000E-01 1.096E+02 3.878E+02 6.375E+02 8.744E+02 1.155E+03 1.468E+03 1.763E+03 2.003E+03 2.210E+03 2.489E+03 2.742E+03 2.790E+03 3.011E+03 3.306E+03 3.564E+03 3.704E+03 3.699E+03 3.606E+03 
2.500E-01 1.054E+02 3.887E+02 6.689E+02 9.282E+02 1.228E+03 1.565E+03 1.889E+03 2.169E+03 2.426E+03 2.772E+03 3.084E+03 3.153E+03 3.407E+03 3.740E+03 4.036E+03 4.212E+03 4.239E+03 4.174E+03 
3.000E-01 1.010E+02 3.855E+02 6.894E+02 9.681E+02 1.284E+03 1.639E+03 1.988E+03 2.300E+03 2.599E+03 3.001E+03 3.362E+03 3.451E+03 3.734E+03 4.100E+03 4.431E+03 4.642E+03 4.705E+03 4.673E+03 
4.000E-01 9.180E+01 3.709E+02 7.045E+02 1.013E+03 1.351E+03 1.729E+03 2.113E+03 2.473E+03 2.834E+03 3.318E+03 3.753E+03 3.877E+03 4.207E+03 4.624E+03 5.012E+03 5.288E+03 5.422E+03 5.461E+03 
5.000E-01 8.405E+01 3.468E+02 6.880E+02 1.011E+03 1.358E+03 1.744E+03 2.142E+03 2.527E+03 2.925E+03 3.453E+03 3.931E+03 4.082E+03 4.439E+03 4.886E+03 5.311E+03 5.636E+03 5.831E+03 5.937E+03 
6.000E-01 7.800E+01 3.218E+02 6.590E+02 9.887E+02 1.337E+03 1.724E+03 2.126E+03 2.523E+03 2.941E+03 3.493E+03 3.992E+03 4.165E+03 4.538E+03 5.003E+03 5.452E+03 5.813E+03 6.058E+03 6.221E+03 
7.000E-01 7.318E+01 3.017E+02 6.328E+02 9.674E+02 1.318E+03 1.705E+03 2.111E+03 2.518E+03 2.950E+03 3.517E+03 4.033E+03 4.225E+03 4.612E+03 5.092E+03 5.562E+03 5.954E+03 6.241E+03 6.454E+03 
8.000E-01 6.921E+01 2.850E+02 6.085E+02 9.463E+02 1.299E+03 1.687E+03 2.095E+03 2.508E+03 2.951E+03 3.530E+03 4.058E+03 4.266E+03 4.665E+03 5.157E+03 5.645E+03 6.064E+03 6.387E+03 6.643E+03 
9.000E-01 6.583E+01 2.708E+02 5.858E+02 9.252E+02 1.280E+03 1.668E+03 2.077E+03 2.496E+03 2.947E+03 3.532E+03 4.069E+03 4.292E+03 4.701E+03 5.203E+03 5.706E+03 6.148E+03 6.504E+03 6.797E+03 
1.000E+00 6.291E+01 2.584E+02 5.648E+02 9.045E+02 1.260E+03 1.648E+03 2.059E+03 2.481E+03 2.938E+03 3.528E+03 4.071E+03 4.307E+03 4.725E+03 5.236E+03 5.751E+03 6.213E+03 6.597E+03 6.923E+03 
1.500E+00 5.239E+01 2.140E+02 4.793E+02 8.062E+02 1.160E+03 1.544E+03 1.952E+03 2.381E+03 2.848E+03 3.437E+03 3.990E+03 4.276E+03 4.721E+03 5.256E+03 5.812E+03 6.340E+03 6.819E+03 7.260E+03 
2.000E+00 4.558E+01 1.855E+02 4.182E+02 7.221E+02 1.065E+03 1.439E+03 1.839E+03 2.262E+03 2.725E+03 3.296E+03 3.842E+03 4.159E+03 4.616E+03 5.159E+03 5.730E+03 6.290E+03 6.820E+03 7.323E+03 
2.500E+00 4.067E+01 1.650E+02 3.728E+02 6.527E+02 9.797E+02 1.341E+03 1.730E+03 2.143E+03 2.595E+03 3.144E+03 3.677E+03 4.014E+03 4.474E+03 5.015E+03 5.589E+03 6.164E+03 6.720E+03 7.258E+03 
3.000E+00 3.692E+01 1.494E+02 3.379E+02 5.958E+02 9.054E+02 1.252E+03 1.628E+03 2.030E+03 2.469E+03 2.995E+03 3.512E+03 3.862E+03 4.321E+03 4.856E+03 5.426E+03 6.005E+03 6.574E+03 7.131E+03 
4.000E+00 3.146E+01 1.270E+02 2.872E+02 5.093E+02 7.853E+02 1.103E+03 1.452E+03 1.829E+03 2.241E+03 2.725E+03 3.209E+03 3.571E+03 4.020E+03 4.536E+03 5.090E+03 5.661E+03 6.234E+03 6.801E+03 
5.000E+00 2.765E+01 1.113E+02 2.518E+02 4.474E+02 6.946E+02 9.845E+02 1.309E+03 1.662E+03 2.047E+03 2.494E+03 2.948E+03 3.311E+03 3.746E+03 4.241E+03 4.773E+03 5.327E+03 5.890E+03 6.451E+03 
6.000E+00 2.479E+01 9.968E+01 2.255E+02 4.007E+02 6.242E+02 8.900E+02 1.191E+03 1.521E+03 1.883E+03 2.298E+03 2.725E+03 3.084E+03 3.503E+03 3.976E+03 4.486E+03 5.020E+03 5.566E+03 6.115E+03 
7.000E+00 2.255E+01 9.057E+01 2.049E+02 3.642E+02 5.682E+02 8.132E+02 1.093E+03 1.403E+03 1.743E+03 2.130E+03 2.533E+03 2.885E+03 3.289E+03 3.741E+03 4.229E+03 4.742E+03 5.269E+03 5.802E+03 
8.000E+00 2.074E+01 8.324E+01 1.883E+02 3.347E+02 5.226E+02 7.496E+02 1.011E+03 1.303E+03 1.624E+03 1.986E+03 2.367E+03 2.711E+03 3.099E+03 3.532E+03 3.999E+03 4.492E+03 5.000E+03 5.515E+03 
9.000E+00 1.924E+01 7.719E+01 1.746E+02 3.104E+02 4.848E+02 6.964E+02 9.417E+02 1.217E+03 1.520E+03 1.862E+03 2.223E+03 2.557E+03 2.931E+03 3.346E+03 3.794E+03 4.267E+03 4.757E+03 5.254E+03 
1.000E+01 1.798E+01 7.207E+01 1.630E+02 2.899E+02 4.528E+02 6.510E+02 8.819E+02 1.142E+03 1.430E+03 1.753E+03 2.097E+03 2.421E+03 2.781E+03 3.179E+03 3.609E+03 4.063E+03 4.535E+03 5.016E+03 
1.500E+01 1.374E+01 5.498E+01 1.244E+02 2.211E+02 3.455E+02 4.975E+02 6.764E+02 8.809E+02 1.110E+03 1.365E+03 1.642E+03 1.920E+03 2.223E+03 2.554E+03 2.911E+03 3.290E+03 3.686E+03 4.095E+03 
2.000E+01 1.129E+01 4.511E+01 1.021E+02 1.814E+02 2.835E+02 4.082E+02 5.555E+02 7.248E+02 9.154E+02 1.128E+03 1.360E+03 1.602E+03 1.863E+03 2.147E+03 2.452E+03 2.777E+03 3.118E+03 3.473E+03 
2.500E+01 9.661E+00 3.859E+01 8.730E+01 1.552E+02 2.425E+02 3.492E+02 4.753E+02 6.205E+02 7.846E+02 9.676E+02 1.168E+03 1.381E+03 1.611E+03 1.860E+03 2.127E+03 2.412E+03 2.713E+03 3.026E+03 
3.000E+01 8.496E+00 3.391E+01 7.673E+01 1.364E+02 2.131E+02 3.069E+02 4.177E+02 5.455E+02 6.901E+02 8.515E+02 1.029E+03 1.219E+03 1.425E+03 1.647E+03 1.886E+03 2.140E+03 2.409E+03 2.690E+03 
4.000E+01 6.924E+00 2.762E+01 6.249E+01 1.111E+02 1.736E+02 2.499E+02 3.402E+02 4.443E+02 5.623E+02 6.940E+02 8.393E+02 9.969E+02 1.167E+03 1.351E+03 1.549E+03 1.760E+03 1.983E+03 2.218E+03 
5.000E+01 5.904E+00 2.354E+01 5.326E+01 9.468E+01 1.479E+02 2.130E+02 2.900E+02 3.787E+02 4.793E+02 5.917E+02 7.158E+02 8.510E+02 9.975E+02 1.156E+03 1.325E+03 1.506E+03 1.699E+03 1.901E+03 
6.000E+01 5.185E+00 2.066E+01 4.676E+01 8.312E+01 1.299E+02 1.870E+02 2.546E+02 3.325E+02 4.208E+02 5.195E+02 6.285E+02 7.476E+02 8.767E+02 1.016E+03 1.166E+03 1.326E+03 1.495E+03 1.674E+03 
7.000E+01 4.649E+00 1.852E+01 4.191E+01 7.451E+01 1.164E+02 1.676E+02 2.282E+02 2.980E+02 3.772E+02 4.657E+02 5.634E+02 6.704E+02 7.864E+02 9.116E+02 1.046E+03 1.190E+03 1.342E+03 1.504E+03 
8.000E+01 4.233E+00 1.686E+01 3.815E+01 6.783E+01 1.060E+02 1.526E+02 2.077E+02 2.713E+02 3.434E+02 4.239E+02 5.129E+02 6.103E+02 7.161E+02 8.303E+02 9.529E+02 1.084E+03 1.223E+03 1.370E+03 
9.000E+01 3.900E+00 1.553E+01 3.515E+01 6.249E+01 9.764E+01 1.406E+02 1.914E+02 2.500E+02 3.164E+02 3.906E+02 4.726E+02 5.623E+02 6.598E+02 7.651E+02 8.782E+02 9.990E+02 1.127E+03 1.263E+03 
1.000E+02 3.627E+00 1.445E+01 3.269E+01 5.811E+01 9.080E+01 1.308E+02 1.780E+02 2.325E+02 2.942E+02 3.632E+02 4.395E+02 5.230E+02 6.137E+02 7.117E+02 8.169E+02 9.293E+02 1.049E+03 1.176E+03 
1.500E+02 2.769E+00 1.103E+01 2.496E+01 4.438E+01 6.934E+01 9.985E+01 1.359E+02 1.775E+02 2.247E+02 2.773E+02 3.356E+02 3.994E+02 4.687E+02 5.436E+02 6.240E+02 7.099E+02 8.014E+02 8.984E+02 
2.000E+02 2.315E+00 9.224E+00 2.087E+01 3.711E+01 5.798E+01 8.349E+01 1.136E+02 1.484E+02 1.879E+02 2.319E+02 2.806E+02 3.340E+02 3.919E+02 4.546E+02 5.218E+02 5.937E+02 6.702E+02 7.514E+02 
2.500E+02 2.034E+00 8.106E+00 1.834E+01 3.261E+01 5.095E+01 7.337E+01 9.986E+01 1.304E+02 1.651E+02 2.038E+02 2.466E+02 2.935E+02 3.444E+02 3.995E+02 4.586E+02 5.217E+02 5.890E+02 6.603E+02 
3.000E+02 1.843E+00 7.347E+00 1.663E+01 2.956E+01 4.618E+01 6.650E+01 9.052E+01 1.182E+02 1.496E+02 1.847E+02 2.235E+02 2.660E+02 3.122E+02 3.621E+02 4.157E+02 4.729E+02 5.339E+02 5.985E+02 
4.000E+02 1.603E+00 6.394E+00 1.447E+01 2.572E+01 4.019E+01 5.788E+01 7.878E+01 1.029E+02 1.302E+02 1.608E+02 1.945E+02 2.315E+02 2.717E+02 3.151E+02 3.617E+02 4.116E+02 4.646E+02 5.209E+02 
5.000E+02 1.461E+00 5.828E+00 1.319E+01 2.345E+01 3.663E+01 5.275E+01 7.180E+01 9.378E+01 1.187E+02 1.465E+02 1.773E+02 2.110E+02 2.476E+02 2.872E+02 3.297E+02 3.751E+02 4.235E+02 4.748E+02 
6.000E+02 1.368E+00 5.461E+00 1.236E+01 2.197E+01 3.432E+01 4.943E+01 6.728E+01 8.787E+01 1.112E+02 1.373E+02 1.661E+02 1.977E+02 2.320E+02 2.691E+02 3.089E+02 3.515E+02 3.968E+02 4.448E+02 
7.000E+02 1.305E+00 5.208E+00 1.179E+01 2.095E+01 3.274E+01 4.715E+01 6.417E+01 8.381E+01 1.061E+02 1.310E+02 1.585E+02 1.886E+02 2.213E+02 2.567E+02 2.947E+02 3.353E+02 3.785E+02 4.243E+02 
8.000E+02 1.259E+00 5.028E+00 1.138E+01 2.023E+01 3.161E+01 4.551E+01 6.195E+01 8.092E+01 1.024E+02 1.264E+02 1.530E+02 1.821E+02 2.137E+02 2.478E+02 2.845E+02 3.237E+02 3.654E+02 4.096E+02 
9.000E+02 1.226E+00 4.898E+00 1.108E+01 1.970E+01 3.079E+01 4.433E+01 6.034E+01 7.882E+01 9.975E+01 1.232E+02 1.490E+02 1.773E+02 2.081E+02 2.414E+02 2.771E+02 3.153E+02 3.559E+02 3.990E+02 
1.000E+03 1.201E+00 4.799E+00 1.086E+01 1.931E+01 3.017E+01 4.344E+01 5.913E+01 7.723E+01 9.774E+01 1.207E+02 1.460E+02 1.738E+02 2.039E+02 2.365E+02 2.715E+02 3.089E+02 3.487E+02 3.910E+02 
