* Stopping power tables calculated with libdEdx, version 1.2.1-svn0
* by user fredo on host fredo-ThinkPad-P52s.
* Date of this calculation: Tue Nov 17 13:53:33 2020
* Timestamp: 20201117_135333
* Target material id: 13
* Target material name: ALUMINUM
* Algorithm: DEDX_PSTAR for z = 1 and DEDX_MSTAR for z > 1
* Energy [MeV/nucleon] dE/dx [MeV cm2/g] for ions 1<=z<=18 
2.500E-02 4.132E+02 8.945E+02 1.035E+03 1.369E+03 1.801E+03 2.249E+03 2.576E+03 2.691E+03 2.614E+03 2.485E+03 2.392E+03 2.351E+03 2.560E+03 2.920E+03 3.269E+03 3.463E+03 3.465E+03 3.406E+03 
3.000E-02 4.351E+02 9.648E+02 1.128E+03 1.495E+03 1.967E+03 2.458E+03 2.823E+03 2.964E+03 2.903E+03 2.796E+03 2.723E+03 2.682E+03 2.914E+03 3.306E+03 3.680E+03 3.879E+03 3.861E+03 3.771E+03 
4.000E-02 4.620E+02 1.067E+03 1.292E+03 1.715E+03 2.257E+03 2.827E+03 3.262E+03 3.455E+03 3.434E+03 3.383E+03 3.361E+03 3.322E+03 3.599E+03 4.050E+03 4.468E+03 4.675E+03 4.621E+03 4.470E+03 
5.000E-02 4.734E+02 1.136E+03 1.424E+03 1.893E+03 2.493E+03 3.127E+03 3.625E+03 3.870E+03 3.896E+03 3.910E+03 3.947E+03 3.914E+03 4.232E+03 4.735E+03 5.192E+03 5.405E+03 5.321E+03 5.114E+03 
6.000E-02 4.751E+02 1.185E+03 1.530E+03 2.038E+03 2.684E+03 3.373E+03 3.925E+03 4.220E+03 4.296E+03 4.381E+03 4.480E+03 4.455E+03 4.811E+03 5.361E+03 5.851E+03 6.071E+03 5.963E+03 5.711E+03 
7.000E-02 4.712E+02 1.220E+03 1.617E+03 2.157E+03 2.842E+03 3.576E+03 4.177E+03 4.520E+03 4.647E+03 4.804E+03 4.967E+03 4.952E+03 5.343E+03 5.934E+03 6.455E+03 6.684E+03 6.560E+03 6.269E+03 
8.000E-02 4.642E+02 1.247E+03 1.690E+03 2.258E+03 2.976E+03 3.749E+03 4.393E+03 4.781E+03 4.960E+03 5.188E+03 5.414E+03 5.411E+03 5.835E+03 6.464E+03 7.014E+03 7.254E+03 7.118E+03 6.798E+03 
9.000E-02 4.558E+02 1.266E+03 1.751E+03 2.345E+03 3.090E+03 3.898E+03 4.580E+03 5.012E+03 5.241E+03 5.540E+03 5.827E+03 5.836E+03 6.291E+03 6.956E+03 7.533E+03 7.786E+03 7.644E+03 7.303E+03 
1.000E-01 4.468E+02 1.280E+03 1.803E+03 2.420E+03 3.189E+03 4.027E+03 4.745E+03 5.218E+03 5.496E+03 5.862E+03 6.209E+03 6.231E+03 6.716E+03 7.414E+03 8.018E+03 8.284E+03 8.141E+03 7.784E+03 
1.500E-01 4.045E+02 1.297E+03 1.974E+03 2.676E+03 3.531E+03 4.476E+03 5.331E+03 5.977E+03 6.471E+03 7.138E+03 7.747E+03 7.837E+03 8.449E+03 9.288E+03 1.001E+04 1.037E+04 1.027E+04 9.902E+03 
2.000E-01 3.710E+02 1.269E+03 2.051E+03 2.813E+03 3.716E+03 4.724E+03 5.671E+03 6.444E+03 7.110E+03 8.010E+03 8.823E+03 8.977E+03 9.689E+03 1.064E+04 1.147E+04 1.192E+04 1.190E+04 1.160E+04 
2.500E-01 3.440E+02 1.225E+03 2.078E+03 2.884E+03 3.817E+03 4.862E+03 5.871E+03 6.740E+03 7.537E+03 8.613E+03 9.582E+03 9.796E+03 1.059E+04 1.162E+04 1.254E+04 1.309E+04 1.317E+04 1.297E+04 
3.000E-01 3.215E+02 1.174E+03 2.076E+03 2.914E+03 3.866E+03 4.933E+03 5.985E+03 6.925E+03 7.823E+03 9.034E+03 1.012E+04 1.039E+04 1.124E+04 1.234E+04 1.334E+04 1.398E+04 1.417E+04 1.407E+04 
4.000E-01 2.842E+02 1.074E+03 2.022E+03 2.906E+03 3.877E+03 4.964E+03 6.065E+03 7.098E+03 8.135E+03 9.524E+03 1.077E+04 1.113E+04 1.207E+04 1.327E+04 1.439E+04 1.518E+04 1.556E+04 1.567E+04 
5.000E-01 2.548E+02 9.849E+02 1.939E+03 2.850E+03 3.827E+03 4.917E+03 6.039E+03 7.124E+03 8.245E+03 9.735E+03 1.108E+04 1.151E+04 1.251E+04 1.377E+04 1.497E+04 1.589E+04 1.644E+04 1.674E+04 
6.000E-01 2.314E+02 9.118E+02 1.856E+03 2.784E+03 3.766E+03 4.854E+03 5.987E+03 7.106E+03 8.281E+03 9.835E+03 1.124E+04 1.173E+04 1.278E+04 1.409E+04 1.535E+04 1.637E+04 1.706E+04 1.752E+04 
7.000E-01 2.124E+02 8.495E+02 1.772E+03 2.709E+03 3.691E+03 4.775E+03 5.911E+03 7.050E+03 8.260E+03 9.849E+03 1.129E+04 1.183E+04 1.291E+04 1.426E+04 1.557E+04 1.667E+04 1.748E+04 1.807E+04 
8.000E-01 1.966E+02 7.941E+02 1.687E+03 2.624E+03 3.603E+03 4.677E+03 5.808E+03 6.955E+03 8.183E+03 9.787E+03 1.125E+04 1.183E+04 1.293E+04 1.430E+04 1.565E+04 1.681E+04 1.771E+04 1.842E+04 
9.000E-01 1.833E+02 7.441E+02 1.603E+03 2.532E+03 3.502E+03 4.563E+03 5.684E+03 6.829E+03 8.063E+03 9.665E+03 1.113E+04 1.174E+04 1.286E+04 1.424E+04 1.561E+04 1.682E+04 1.780E+04 1.860E+04 
1.000E+00 1.719E+02 6.986E+02 1.521E+03 2.435E+03 3.394E+03 4.438E+03 5.543E+03 6.681E+03 7.911E+03 9.499E+03 1.096E+04 1.160E+04 1.272E+04 1.410E+04 1.549E+04 1.673E+04 1.776E+04 1.864E+04 
1.500E+00 1.327E+02 5.357E+02 1.197E+03 2.013E+03 2.897E+03 3.854E+03 4.875E+03 5.944E+03 7.110E+03 8.580E+03 9.961E+03 1.067E+04 1.179E+04 1.312E+04 1.451E+04 1.583E+04 1.703E+04 1.812E+04 
2.000E+00 1.094E+02 4.398E+02 9.900E+02 1.709E+03 2.521E+03 3.406E+03 4.354E+03 5.356E+03 6.451E+03 7.803E+03 9.096E+03 9.846E+03 1.093E+04 1.221E+04 1.356E+04 1.489E+04 1.615E+04 1.734E+04 
2.500E+00 9.377E+01 3.760E+02 8.485E+02 1.485E+03 2.230E+03 3.051E+03 3.936E+03 4.878E+03 5.906E+03 7.155E+03 8.367E+03 9.134E+03 1.018E+04 1.141E+04 1.272E+04 1.403E+04 1.529E+04 1.652E+04 
3.000E+00 8.245E+01 3.300E+02 7.454E+02 1.314E+03 1.998E+03 2.762E+03 3.593E+03 4.480E+03 5.448E+03 6.609E+03 7.750E+03 8.522E+03 9.533E+03 1.071E+04 1.197E+04 1.325E+04 1.451E+04 1.573E+04 
4.000E+00 6.703E+01 2.678E+02 6.053E+02 1.074E+03 1.655E+03 2.324E+03 3.061E+03 3.856E+03 4.724E+03 5.743E+03 6.764E+03 7.527E+03 8.472E+03 9.561E+03 1.073E+04 1.193E+04 1.314E+04 1.434E+04 
5.000E+00 5.691E+01 2.271E+02 5.136E+02 9.124E+02 1.417E+03 2.008E+03 2.669E+03 3.389E+03 4.175E+03 5.086E+03 6.013E+03 6.754E+03 7.640E+03 8.649E+03 9.735E+03 1.087E+04 1.201E+04 1.316E+04 
6.000E+00 4.970E+01 1.982E+02 4.484E+02 7.969E+02 1.241E+03 1.770E+03 2.368E+03 3.025E+03 3.745E+03 4.569E+03 5.419E+03 6.133E+03 6.966E+03 7.907E+03 8.921E+03 9.983E+03 1.107E+04 1.216E+04 
7.000E+00 4.428E+01 1.765E+02 3.993E+02 7.098E+02 1.107E+03 1.585E+03 2.130E+03 2.735E+03 3.398E+03 4.151E+03 4.936E+03 5.623E+03 6.409E+03 7.291E+03 8.242E+03 9.241E+03 1.027E+04 1.131E+04 
8.000E+00 4.002E+01 1.594E+02 3.608E+02 6.415E+02 1.002E+03 1.437E+03 1.938E+03 2.496E+03 3.111E+03 3.807E+03 4.537E+03 5.195E+03 5.939E+03 6.769E+03 7.664E+03 8.607E+03 9.582E+03 1.057E+04 
9.000E+00 3.658E+01 1.457E+02 3.298E+02 5.864E+02 9.158E+02 1.315E+03 1.779E+03 2.298E+03 2.872E+03 3.517E+03 4.200E+03 4.831E+03 5.537E+03 6.321E+03 7.166E+03 8.060E+03 8.985E+03 9.925E+03 
1.000E+01 3.375E+01 1.344E+02 3.042E+02 5.408E+02 8.449E+02 1.215E+03 1.645E+03 2.131E+03 2.668E+03 3.271E+03 3.912E+03 4.517E+03 5.189E+03 5.932E+03 6.733E+03 7.581E+03 8.462E+03 9.359E+03 
1.500E+01 2.465E+01 9.812E+01 2.222E+02 3.950E+02 6.172E+02 8.886E+02 1.208E+03 1.574E+03 1.983E+03 2.439E+03 2.932E+03 3.430E+03 3.972E+03 4.563E+03 5.200E+03 5.876E+03 6.585E+03 7.315E+03 
2.000E+01 1.968E+01 7.831E+01 1.774E+02 3.153E+02 4.927E+02 7.095E+02 9.655E+02 1.260E+03 1.591E+03 1.961E+03 2.364E+03 2.784E+03 3.238E+03 3.731E+03 4.261E+03 4.826E+03 5.420E+03 6.036E+03 
2.500E+01 1.651E+01 6.570E+01 1.488E+02 2.646E+02 4.134E+02 5.954E+02 8.103E+02 1.058E+03 1.338E+03 1.650E+03 1.992E+03 2.355E+03 2.747E+03 3.171E+03 3.627E+03 4.113E+03 4.626E+03 5.159E+03 
3.000E+01 1.430E+01 5.691E+01 1.289E+02 2.292E+02 3.582E+02 5.158E+02 7.020E+02 9.167E+02 1.160E+03 1.431E+03 1.729E+03 2.049E+03 2.394E+03 2.768E+03 3.169E+03 3.596E+03 4.048E+03 4.520E+03 
4.000E+01 1.141E+01 4.540E+01 1.029E+02 1.829E+02 2.858E+02 4.116E+02 5.602E+02 7.317E+02 9.259E+02 1.143E+03 1.382E+03 1.642E+03 1.922E+03 2.225E+03 2.550E+03 2.898E+03 3.265E+03 3.652E+03 
5.000E+01 9.590E+00 3.816E+01 8.648E+01 1.537E+02 2.402E+02 3.459E+02 4.708E+02 6.150E+02 7.783E+02 9.608E+02 1.162E+03 1.382E+03 1.620E+03 1.876E+03 2.152E+03 2.446E+03 2.759E+03 3.087E+03 
6.000E+01 8.330E+00 3.315E+01 7.513E+01 1.336E+02 2.087E+02 3.005E+02 4.091E+02 5.343E+02 6.762E+02 8.348E+02 1.010E+03 1.201E+03 1.409E+03 1.633E+03 1.873E+03 2.130E+03 2.403E+03 2.691E+03 
7.000E+01 7.405E+00 2.947E+01 6.680E+01 1.188E+02 1.856E+02 2.672E+02 3.637E+02 4.750E+02 6.012E+02 7.422E+02 8.980E+02 1.068E+03 1.253E+03 1.453E+03 1.667E+03 1.896E+03 2.140E+03 2.397E+03 
8.000E+01 6.696E+00 2.664E+01 6.040E+01 1.074E+02 1.678E+02 2.416E+02 3.289E+02 4.295E+02 5.436E+02 6.711E+02 8.121E+02 9.663E+02 1.134E+03 1.314E+03 1.509E+03 1.716E+03 1.936E+03 2.170E+03 
9.000E+01 6.133E+00 2.441E+01 5.534E+01 9.838E+01 1.537E+02 2.213E+02 3.013E+02 3.935E+02 4.980E+02 6.149E+02 7.440E+02 8.853E+02 1.039E+03 1.205E+03 1.383E+03 1.573E+03 1.775E+03 1.989E+03 
1.000E+02 5.676E+00 2.259E+01 5.122E+01 9.105E+01 1.423E+02 2.049E+02 2.789E+02 3.642E+02 4.610E+02 5.691E+02 6.886E+02 8.194E+02 9.616E+02 1.115E+03 1.280E+03 1.456E+03 1.643E+03 1.842E+03 
1.500E+02 4.261E+00 1.696E+01 3.847E+01 6.838E+01 1.069E+02 1.539E+02 2.094E+02 2.735E+02 3.462E+02 4.274E+02 5.172E+02 6.155E+02 7.223E+02 8.377E+02 9.616E+02 1.094E+03 1.235E+03 1.384E+03 
2.000E+02 3.525E+00 1.404E+01 3.184E+01 5.661E+01 8.845E+01 1.274E+02 1.734E+02 2.264E+02 2.866E+02 3.538E+02 4.281E+02 5.095E+02 5.979E+02 6.934E+02 7.960E+02 9.057E+02 1.022E+03 1.146E+03 
2.500E+02 3.075E+00 1.225E+01 2.779E+01 4.940E+01 7.718E+01 1.111E+02 1.513E+02 1.976E+02 2.501E+02 3.087E+02 3.736E+02 4.446E+02 5.218E+02 6.051E+02 6.947E+02 7.904E+02 8.922E+02 1.000E+03 
3.000E+02 2.772E+00 1.105E+01 2.505E+01 4.454E+01 6.959E+01 1.002E+02 1.364E+02 1.782E+02 2.255E+02 2.784E+02 3.368E+02 4.009E+02 4.704E+02 5.456E+02 6.263E+02 7.126E+02 8.045E+02 9.019E+02 
4.000E+02 2.392E+00 9.537E+00 2.163E+01 3.846E+01 6.009E+01 8.653E+01 1.178E+02 1.538E+02 1.947E+02 2.404E+02 2.908E+02 3.461E+02 4.062E+02 4.711E+02 5.408E+02 6.153E+02 6.946E+02 7.788E+02 
5.000E+02 2.166E+00 8.642E+00 1.960E+01 3.485E+01 5.445E+01 7.841E+01 1.067E+02 1.394E+02 1.764E+02 2.178E+02 2.635E+02 3.136E+02 3.681E+02 4.269E+02 4.901E+02 5.576E+02 6.295E+02 7.057E+02 
6.000E+02 2.019E+00 8.058E+00 1.828E+01 3.250E+01 5.078E+01 7.312E+01 9.953E+01 1.300E+02 1.645E+02 2.031E+02 2.458E+02 2.925E+02 3.433E+02 3.981E+02 4.570E+02 5.200E+02 5.870E+02 6.581E+02 
7.000E+02 1.918E+00 7.655E+00 1.737E+01 3.087E+01 4.824E+01 6.947E+01 9.455E+01 1.235E+02 1.563E+02 1.930E+02 2.335E+02 2.779E+02 3.261E+02 3.782E+02 4.342E+02 4.940E+02 5.577E+02 6.252E+02 
8.000E+02 1.845E+00 7.365E+00 1.671E+01 2.970E+01 4.641E+01 6.683E+01 9.097E+01 1.188E+02 1.504E+02 1.856E+02 2.246E+02 2.673E+02 3.137E+02 3.639E+02 4.177E+02 4.752E+02 5.365E+02 6.015E+02 
9.000E+02 1.790E+00 7.152E+00 1.622E+01 2.884E+01 4.507E+01 6.490E+01 8.833E+01 1.154E+02 1.460E+02 1.803E+02 2.181E+02 2.596E+02 3.047E+02 3.533E+02 4.056E+02 4.615E+02 5.210E+02 5.841E+02 
1.000E+03 1.749E+00 6.988E+00 1.585E+01 2.818E+01 4.404E+01 6.342E+01 8.632E+01 1.127E+02 1.427E+02 1.762E+02 2.131E+02 2.537E+02 2.977E+02 3.453E+02 3.963E+02 4.510E+02 5.091E+02 5.707E+02 
