* Stopping power tables calculated with libdEdx, version 1.2.1-svn0
* by user fredo on host fredo-ThinkPad-P52s.
* Date of this calculation: Fri Dec  3 10:12:16 2021
* Timestamp: 20211203_101216
* Target material id: 13
* Target material name: ALUMINUM
* Algorithm: DEDX_ICRU49 + DEDX_ICRU73 + DEDX_MSTAR for He-4 with E > 250 MeV
* Energy [MeV/nucleon] dE/dx [MeV cm2/g] for ions 1<=z<=18 
2.500E-02 4.132E+02 8.945E+02 1.388E+03 1.754E+03 2.047E+03 2.284E+03 2.478E+03 2.648E+03 2.795E+03 2.924E+03 3.037E+03 3.156E+03 3.267E+03 3.374E+03 3.473E+03 3.569E+03 3.673E+03 3.756E+03 
3.000E-02 4.351E+02 9.648E+02 1.496E+03 1.910E+03 2.247E+03 2.525E+03 2.753E+03 2.953E+03 3.126E+03 3.276E+03 3.406E+03 3.539E+03 3.662E+03 3.779E+03 3.887E+03 3.992E+03 4.103E+03 4.193E+03 
4.000E-02 4.620E+02 1.067E+03 1.670E+03 2.167E+03 2.586E+03 2.940E+03 3.234E+03 3.495E+03 3.719E+03 3.913E+03 4.083E+03 4.245E+03 4.395E+03 4.534E+03 4.662E+03 4.787E+03 4.913E+03 5.016E+03 
5.000E-02 4.734E+02 1.136E+03 1.800E+03 2.370E+03 2.860E+03 3.284E+03 3.641E+03 3.962E+03 4.238E+03 4.477E+03 4.690E+03 4.883E+03 5.063E+03 5.227E+03 5.378E+03 5.523E+03 5.666E+03 5.782E+03 
6.000E-02 4.751E+02 1.185E+03 1.898E+03 2.531E+03 3.084E+03 3.571E+03 3.988E+03 4.366E+03 4.693E+03 4.978E+03 5.235E+03 5.462E+03 5.672E+03 5.864E+03 6.039E+03 6.208E+03 6.369E+03 6.499E+03 
7.000E-02 4.712E+02 1.220E+03 1.971E+03 2.659E+03 3.269E+03 3.813E+03 4.286E+03 4.718E+03 5.094E+03 5.424E+03 5.725E+03 5.987E+03 6.230E+03 6.449E+03 6.650E+03 6.844E+03 7.025E+03 7.171E+03 
8.000E-02 4.642E+02 1.247E+03 2.024E+03 2.760E+03 3.421E+03 4.016E+03 4.541E+03 5.024E+03 5.448E+03 5.822E+03 6.167E+03 6.463E+03 6.739E+03 6.988E+03 7.216E+03 7.436E+03 7.639E+03 7.803E+03 
9.000E-02 4.558E+02 1.266E+03 2.063E+03 2.838E+03 3.545E+03 4.188E+03 4.761E+03 5.292E+03 5.762E+03 6.178E+03 6.566E+03 6.895E+03 7.205E+03 7.484E+03 7.740E+03 7.987E+03 8.213E+03 8.397E+03 
1.000E-01 4.468E+02 1.280E+03 2.093E+03 2.901E+03 3.646E+03 4.332E+03 4.950E+03 5.525E+03 6.039E+03 6.496E+03 6.926E+03 7.288E+03 7.631E+03 7.941E+03 8.226E+03 8.500E+03 8.751E+03 8.956E+03 
1.500E-01 4.045E+02 1.297E+03 2.164E+03 3.080E+03 3.960E+03 4.800E+03 5.583E+03 6.328E+03 7.017E+03 7.647E+03 8.264E+03 8.778E+03 9.280E+03 9.742E+03 1.017E+04 1.059E+04 1.097E+04 1.129E+04 
2.000E-01 3.710E+02 1.269E+03 2.172E+03 3.151E+03 4.113E+03 5.049E+03 5.941E+03 6.801E+03 7.606E+03 8.355E+03 9.110E+03 9.738E+03 1.036E+04 1.095E+04 1.151E+04 1.205E+04 1.255E+04 1.299E+04 
2.500E-01 3.440E+02 1.225E+03 2.150E+03 3.170E+03 4.188E+03 5.192E+03 6.164E+03 7.108E+03 8.001E+03 8.841E+03 9.701E+03 1.041E+04 1.114E+04 1.182E+04 1.247E+04 1.312E+04 1.372E+04 1.425E+04 
3.000E-01 3.215E+02 1.174E+03 2.111E+03 3.156E+03 4.214E+03 5.269E+03 6.302E+03 7.314E+03 8.275E+03 9.188E+03 1.014E+04 1.092E+04 1.172E+04 1.248E+04 1.322E+04 1.394E+04 1.463E+04 1.524E+04 
4.000E-01 2.842E+02 1.074E+03 2.010E+03 3.075E+03 4.181E+03 5.301E+03 6.419E+03 7.528E+03 8.590E+03 9.614E+03 1.070E+04 1.159E+04 1.252E+04 1.341E+04 1.428E+04 1.515E+04 1.597E+04 1.670E+04 
5.000E-01 2.548E+02 9.849E+02 1.901E+03 2.963E+03 4.086E+03 5.241E+03 6.409E+03 7.581E+03 8.709E+03 9.809E+03 1.099E+04 1.196E+04 1.299E+04 1.398E+04 1.496E+04 1.594E+04 1.687E+04 1.770E+04 
6.000E-01 2.314E+02 9.118E+02 1.797E+03 2.843E+03 3.966E+03 5.136E+03 6.331E+03 7.541E+03 8.712E+03 9.863E+03 1.112E+04 1.214E+04 1.324E+04 1.430E+04 1.538E+04 1.644E+04 1.746E+04 1.838E+04 
7.000E-01 2.124E+02 8.494E+02 1.701E+03 2.723E+03 3.838E+03 5.010E+03 6.218E+03 7.450E+03 8.648E+03 9.833E+03 1.114E+04 1.220E+04 1.335E+04 1.447E+04 1.561E+04 1.674E+04 1.784E+04 1.882E+04 
8.000E-01 1.966E+02 7.940E+02 1.612E+03 2.610E+03 3.709E+03 4.876E+03 6.088E+03 7.331E+03 8.544E+03 9.751E+03 1.109E+04 1.217E+04 1.336E+04 1.452E+04 1.572E+04 1.690E+04 1.805E+04 1.909E+04 
9.000E-01 1.833E+02 7.441E+02 1.532E+03 2.502E+03 3.584E+03 4.741E+03 5.951E+03 7.199E+03 8.418E+03 9.638E+03 1.101E+04 1.210E+04 1.331E+04 1.450E+04 1.574E+04 1.697E+04 1.816E+04 1.924E+04 
1.000E+00 1.719E+02 6.986E+02 1.459E+03 2.402E+03 3.464E+03 4.608E+03 5.812E+03 7.059E+03 8.281E+03 9.508E+03 1.089E+04 1.199E+04 1.323E+04 1.443E+04 1.570E+04 1.696E+04 1.819E+04 1.930E+04 
1.500E+00 1.327E+02 5.357E+02 1.176E+03 1.995E+03 2.952E+03 4.013E+03 5.157E+03 6.366E+03 7.563E+03 8.781E+03 1.019E+04 1.128E+04 1.255E+04 1.379E+04 1.512E+04 1.646E+04 1.777E+04 1.896E+04 
2.000E+00 1.094E+02 4.398E+02 9.856E+02 1.702E+03 2.562E+03 3.537E+03 4.609E+03 5.757E+03 6.906E+03 8.087E+03 9.479E+03 1.054E+04 1.179E+04 1.302E+04 1.436E+04 1.572E+04 1.705E+04 1.826E+04 
2.500E+00 9.377E+01 3.760E+02 8.498E+02 1.484E+03 2.261E+03 3.157E+03 4.156E+03 5.240E+03 6.336E+03 7.471E+03 8.825E+03 9.851E+03 1.107E+04 1.229E+04 1.361E+04 1.496E+04 1.629E+04 1.749E+04 
3.000E+00 8.245E+01 3.301E+02 7.483E+02 1.316E+03 2.022E+03 2.847E+03 3.779E+03 4.801E+03 5.843E+03 6.931E+03 8.240E+03 9.231E+03 1.042E+04 1.161E+04 1.291E+04 1.424E+04 1.555E+04 1.674E+04 
4.000E+00 6.703E+01 2.677E+02 6.073E+02 1.076E+03 1.670E+03 2.378E+03 3.192E+03 4.100E+03 5.044E+03 6.040E+03 7.250E+03 8.178E+03 9.298E+03 1.042E+04 1.166E+04 1.295E+04 1.421E+04 1.537E+04 
5.000E+00 5.691E+01 2.271E+02 5.140E+02 9.136E+02 1.425E+03 2.042E+03 2.760E+03 3.572E+03 4.428E+03 5.340E+03 6.456E+03 7.325E+03 8.375E+03 9.435E+03 1.062E+04 1.184E+04 1.305E+04 1.416E+04 
6.000E+00 4.970E+01 1.982E+02 4.476E+02 7.962E+02 1.245E+03 1.791E+03 2.431E+03 3.162E+03 3.942E+03 4.781E+03 5.808E+03 6.625E+03 7.609E+03 8.610E+03 9.727E+03 1.089E+04 1.205E+04 1.312E+04 
7.000E+00 4.428E+01 1.765E+02 3.977E+02 7.076E+02 1.107E+03 1.596E+03 2.173E+03 2.836E+03 3.551E+03 4.325E+03 5.273E+03 6.042E+03 6.967E+03 7.912E+03 8.969E+03 1.007E+04 1.118E+04 1.220E+04 
8.000E+00 4.002E+01 1.595E+02 3.588E+02 6.382E+02 9.991E+02 1.442E+03 1.966E+03 2.572E+03 3.230E+03 3.947E+03 4.826E+03 5.551E+03 6.421E+03 7.315E+03 8.314E+03 9.364E+03 1.042E+04 1.140E+04 
9.000E+00 3.658E+01 1.457E+02 3.275E+02 5.824E+02 9.116E+02 1.316E+03 1.797E+03 2.353E+03 2.963E+03 3.630E+03 4.446E+03 5.132E+03 5.953E+03 6.799E+03 7.745E+03 8.744E+03 9.750E+03 1.069E+04 
1.000E+01 3.375E+01 1.344E+02 3.018E+02 5.365E+02 8.395E+02 1.212E+03 1.655E+03 2.170E+03 2.737E+03 3.361E+03 4.121E+03 4.772E+03 5.547E+03 6.349E+03 7.248E+03 8.198E+03 9.159E+03 1.007E+04 
1.500E+01 2.465E+01 9.812E+01 2.198E+02 3.904E+02 6.100E+02 8.796E+02 1.201E+03 1.575E+03 1.994E+03 2.461E+03 3.021E+03 3.537E+03 4.138E+03 4.772E+03 5.479E+03 6.234E+03 7.010E+03 7.762E+03 
2.000E+01 1.968E+01 7.831E+01 1.752E+02 3.112E+02 4.860E+02 7.000E+02 9.541E+02 1.250E+03 1.584E+03 1.957E+03 2.397E+03 2.823E+03 3.313E+03 3.833E+03 4.411E+03 5.032E+03 5.677E+03 6.314E+03 
2.500E+01 1.651E+01 6.570E+01 1.469E+02 2.610E+02 4.075E+02 5.866E+02 7.988E+02 1.045E+03 1.324E+03 1.636E+03 1.999E+03 2.363E+03 2.775E+03 3.216E+03 3.704E+03 4.230E+03 4.780E+03 5.331E+03 
3.000E+01 1.430E+01 5.690E+01 1.273E+02 2.261E+02 3.530E+02 5.080E+02 6.915E+02 9.039E+02 1.145E+03 1.414E+03 1.724E+03 2.042E+03 2.399E+03 2.782E+03 3.204E+03 3.660E+03 4.139E+03 4.625E+03 
4.000E+01 1.141E+01 4.540E+01 1.015E+02 1.804E+02 2.817E+02 4.055E+02 5.516E+02 7.205E+02 9.119E+02 1.126E+03 1.368E+03 1.624E+03 1.908E+03 2.214E+03 2.548E+03 2.909E+03 3.290E+03 3.684E+03 
5.000E+01 9.590E+00 3.816E+01 8.530E+01 1.516E+02 2.369E+02 3.409E+02 4.638E+02 6.057E+02 7.664E+02 9.461E+02 1.147E+03 1.363E+03 1.601E+03 1.858E+03 2.136E+03 2.437E+03 2.756E+03 3.088E+03 
6.000E+01 8.330E+00 3.315E+01 7.411E+01 1.318E+02 2.058E+02 2.963E+02 4.032E+02 5.265E+02 6.662E+02 8.223E+02 9.962E+02 1.184E+03 1.391E+03 1.613E+03 1.854E+03 2.114E+03 2.390E+03 2.679E+03 
7.000E+01 7.405E+00 2.946E+01 6.589E+01 1.172E+02 1.831E+02 2.636E+02 3.587E+02 4.684E+02 5.927E+02 7.316E+02 8.858E+02 1.053E+03 1.237E+03 1.434E+03 1.648E+03 1.878E+03 2.122E+03 2.379E+03 
8.000E+01 6.696E+00 2.665E+01 5.958E+01 1.060E+02 1.656E+02 2.384E+02 3.245E+02 4.238E+02 5.363E+02 6.620E+02 8.014E+02 9.532E+02 1.119E+03 1.298E+03 1.491E+03 1.698E+03 1.918E+03 2.151E+03 
9.000E+01 6.133E+00 2.440E+01 5.459E+01 9.708E+01 1.517E+02 2.185E+02 2.974E+02 3.885E+02 4.916E+02 6.069E+02 7.345E+02 8.739E+02 1.026E+03 1.190E+03 1.366E+03 1.556E+03 1.758E+03 1.971E+03 
1.000E+02 5.676E+00 2.259E+01 5.053E+01 8.987E+01 1.405E+02 2.023E+02 2.754E+02 3.597E+02 4.553E+02 5.621E+02 6.803E+02 8.094E+02 9.500E+02 1.102E+03 1.265E+03 1.441E+03 1.627E+03 1.825E+03 
1.500E+02 4.261E+00 1.696E+01 3.797E+01 6.755E+01 1.056E+02 1.521E+02 2.072E+02 2.707E+02 3.427E+02 4.232E+02 5.123E+02 6.098E+02 7.158E+02 8.304E+02 9.536E+02 1.085E+03 1.226E+03 1.375E+03 
2.000E+02 3.525E+00 1.404E+01 3.146E+01 5.596E+01 8.755E+01 1.261E+02 1.717E+02 2.244E+02 2.842E+02 3.510E+02 4.249E+02 5.059E+02 5.940E+02 6.892E+02 7.915E+02 9.010E+02 1.018E+03 1.141E+03 
2.500E+02 3.075E+00 1.225E+01 2.747E+01 4.887E+01 7.642E+01 1.101E+02 1.500E+02 1.961E+02 2.483E+02 3.067E+02 3.714E+02 4.422E+02 5.193E+02 6.026E+02 6.922E+02 7.880E+02 8.901E+02 9.984E+02 
3.000E+02 2.772E+00 1.105E+01 2.479E+01 4.410E+01 6.896E+01 9.939E+01 1.354E+02 1.770E+02 2.241E+02 2.769E+02 3.353E+02 3.993E+02 4.690E+02 5.443E+02 6.253E+02 7.119E+02 8.042E+02 9.022E+02 
4.000E+02 2.392E+00 9.537E+00 2.143E+01 3.813E+01 5.964E+01 8.596E+01 1.171E+02 1.531E+02 1.939E+02 2.396E+02 2.902E+02 3.456E+02 4.060E+02 4.712E+02 5.414E+02 6.165E+02 6.965E+02 7.815E+02 
5.000E+02 2.166E+00 8.642E+00 1.945E+01 3.460E+01 5.412E+01 7.801E+01 1.063E+02 1.389E+02 1.760E+02 2.175E+02 2.634E+02 3.138E+02 3.686E+02 4.279E+02 4.917E+02 5.600E+02 6.327E+02 7.100E+02 
6.000E+02 2.019E+00 8.058E+00 1.816E+01 3.231E+01 5.054E+01 7.285E+01 9.926E+01 1.298E+02 1.644E+02 2.032E+02 2.461E+02 2.932E+02 3.444E+02 3.998E+02 4.594E+02 5.232E+02 5.913E+02 6.635E+02 
7.000E+02 1.918E+00 7.655E+00 1.727E+01 3.074E+01 4.808E+01 6.931E+01 9.444E+01 1.235E+02 1.564E+02 1.933E+02 2.342E+02 2.790E+02 3.277E+02 3.805E+02 4.374E+02 4.980E+02 5.627E+02 6.315E+02 
8.000E+02 1.845E+00 7.365E+00 1.664E+01 2.962E+01 4.632E+01 6.677E+01 9.098E+01 1.190E+02 1.507E+02 1.863E+02 2.256E+02 2.688E+02 3.158E+02 3.666E+02 4.217E+02 4.799E+02 5.423E+02 6.086E+02 
9.000E+02 1.790E+00 7.152E+00 1.618E+01 2.879E+01 4.503E+01 6.491E+01 8.844E+01 1.156E+02 1.465E+02 1.811E+02 2.193E+02 2.613E+02 3.070E+02 3.564E+02 4.099E+02 4.665E+02 5.272E+02 5.917E+02 
1.000E+03 1.749E+00 6.988E+00 1.582E+01 2.815E+01 4.404E+01 6.348E+01 8.650E+01 1.131E+02 1.433E+02 1.771E+02 2.145E+02 2.556E+02 3.003E+02 3.487E+02 4.007E+02 4.564E+02 5.158E+02 5.789E+02 
