* Stopping power tables calculated with libdEdx, version 1.2.1-svn0
* by user fredo on host fredo-ThinkPad-P52s.
* Date of this calculation: Fri Dec  3 10:12:30 2021
* Timestamp: 20211203_101230
* Target material id: 6
* Target material name: CARBON
* Algorithm: DEDX_ICRU49 + DEDX_ICRU73 + DEDX_MSTAR for He-4 with E > 250 MeV
* Energy [MeV/nucleon] dE/dx [MeV cm2/g] for ions 1<=z<=18 
2.500E-02 5.477E+02 1.259E+03 2.043E+03 2.540E+03 2.919E+03 3.206E+03 3.445E+03 3.638E+03 3.792E+03 3.927E+03 4.019E+03 4.132E+03 4.239E+03 4.352E+03 4.480E+03 4.597E+03 4.745E+03 4.847E+03 
3.000E-02 5.776E+02 1.346E+03 2.200E+03 2.761E+03 3.203E+03 3.548E+03 3.836E+03 4.069E+03 4.257E+03 4.419E+03 4.530E+03 4.653E+03 4.770E+03 4.888E+03 5.022E+03 5.146E+03 5.296E+03 5.401E+03 
4.000E-02 6.283E+02 1.487E+03 2.457E+03 3.135E+03 3.692E+03 4.148E+03 4.530E+03 4.848E+03 5.106E+03 5.328E+03 5.486E+03 5.638E+03 5.781E+03 5.918E+03 6.068E+03 6.210E+03 6.370E+03 6.479E+03 
5.000E-02 6.686E+02 1.595E+03 2.658E+03 3.441E+03 4.102E+03 4.659E+03 5.131E+03 5.533E+03 5.864E+03 6.149E+03 6.362E+03 6.555E+03 6.732E+03 6.895E+03 7.070E+03 7.235E+03 7.409E+03 7.526E+03 
6.000E-02 6.953E+02 1.680E+03 2.815E+03 3.694E+03 4.449E+03 5.099E+03 5.657E+03 6.141E+03 6.544E+03 6.893E+03 7.165E+03 7.407E+03 7.623E+03 7.819E+03 8.023E+03 8.216E+03 8.410E+03 8.540E+03 
7.000E-02 7.114E+02 1.745E+03 2.939E+03 3.902E+03 4.743E+03 5.479E+03 6.119E+03 6.682E+03 7.156E+03 7.570E+03 7.903E+03 8.194E+03 8.455E+03 8.689E+03 8.927E+03 9.151E+03 9.370E+03 9.518E+03 
8.000E-02 7.194E+02 1.795E+03 3.035E+03 4.072E+03 4.992E+03 5.809E+03 6.527E+03 7.165E+03 7.707E+03 8.185E+03 8.579E+03 8.922E+03 9.228E+03 9.503E+03 9.779E+03 1.004E+04 1.029E+04 1.046E+04 
9.000E-02 7.209E+02 1.834E+03 3.109E+03 4.210E+03 5.202E+03 6.094E+03 6.885E+03 7.595E+03 8.203E+03 8.744E+03 9.200E+03 9.593E+03 9.947E+03 1.026E+04 1.058E+04 1.088E+04 1.116E+04 1.135E+04 
1.000E-01 7.174E+02 1.862E+03 3.162E+03 4.321E+03 5.378E+03 6.340E+03 7.200E+03 7.979E+03 8.650E+03 9.252E+03 9.768E+03 1.021E+04 1.061E+04 1.097E+04 1.133E+04 1.167E+04 1.198E+04 1.221E+04 
1.500E-01 6.611E+02 1.906E+03 3.238E+03 4.588E+03 5.882E+03 7.113E+03 8.259E+03 9.328E+03 1.028E+04 1.115E+04 1.194E+04 1.264E+04 1.328E+04 1.385E+04 1.443E+04 1.497E+04 1.546E+04 1.585E+04 
2.000E-01 5.891E+02 1.866E+03 3.178E+03 4.608E+03 6.020E+03 7.401E+03 8.728E+03 9.997E+03 1.115E+04 1.223E+04 1.326E+04 1.418E+04 1.503E+04 1.581E+04 1.659E+04 1.733E+04 1.801E+04 1.857E+04 
2.500E-01 5.260E+02 1.795E+03 3.082E+03 4.546E+03 6.019E+03 7.482E+03 8.914E+03 1.031E+04 1.159E+04 1.281E+04 1.400E+04 1.508E+04 1.611E+04 1.706E+04 1.801E+04 1.894E+04 1.979E+04 2.052E+04 
3.000E-01 4.750E+02 1.707E+03 2.978E+03 4.455E+03 5.960E+03 7.471E+03 8.969E+03 1.044E+04 1.180E+04 1.312E+04 1.442E+04 1.562E+04 1.677E+04 1.784E+04 1.894E+04 2.000E+04 2.100E+04 2.186E+04 
4.000E-01 4.044E+02 1.528E+03 2.774E+03 4.245E+03 5.776E+03 7.335E+03 8.905E+03 1.047E+04 1.193E+04 1.335E+04 1.479E+04 1.613E+04 1.744E+04 1.868E+04 1.996E+04 2.122E+04 2.241E+04 2.347E+04 
5.000E-01 3.546E+02 1.372E+03 2.587E+03 4.032E+03 5.562E+03 7.139E+03 8.742E+03 1.036E+04 1.187E+04 1.335E+04 1.486E+04 1.629E+04 1.770E+04 1.904E+04 2.044E+04 2.183E+04 2.314E+04 2.432E+04 
6.000E-01 3.159E+02 1.242E+03 2.419E+03 3.830E+03 5.346E+03 6.923E+03 8.541E+03 1.018E+04 1.172E+04 1.324E+04 1.480E+04 1.628E+04 1.775E+04 1.916E+04 2.064E+04 2.212E+04 2.352E+04 2.478E+04 
7.000E-01 2.862E+02 1.132E+03 2.270E+03 3.641E+03 5.136E+03 6.703E+03 8.324E+03 9.980E+03 1.154E+04 1.308E+04 1.467E+04 1.618E+04 1.769E+04 1.915E+04 2.069E+04 2.223E+04 2.370E+04 2.502E+04 
8.000E-01 2.624E+02 1.041E+03 2.137E+03 3.467E+03 4.935E+03 6.487E+03 8.103E+03 9.764E+03 1.133E+04 1.288E+04 1.449E+04 1.603E+04 1.757E+04 1.906E+04 2.065E+04 2.224E+04 2.375E+04 2.512E+04 
9.000E-01 2.427E+02 9.637E+02 2.018E+03 3.306E+03 4.745E+03 6.278E+03 7.884E+03 9.543E+03 1.111E+04 1.267E+04 1.429E+04 1.584E+04 1.741E+04 1.891E+04 2.054E+04 2.217E+04 2.372E+04 2.512E+04 
1.000E+00 2.261E+02 8.982E+02 1.911E+03 3.159E+03 4.566E+03 6.077E+03 7.668E+03 9.321E+03 1.089E+04 1.245E+04 1.408E+04 1.564E+04 1.722E+04 1.874E+04 2.039E+04 2.206E+04 2.363E+04 2.506E+04 
1.500E+00 1.711E+02 6.804E+02 1.508E+03 2.572E+03 3.821E+03 5.205E+03 6.698E+03 8.282E+03 9.800E+03 1.133E+04 1.295E+04 1.451E+04 1.611E+04 1.766E+04 1.937E+04 2.111E+04 2.276E+04 2.425E+04 
2.000E+00 1.394E+02 5.544E+02 1.246E+03 2.163E+03 3.272E+03 4.529E+03 5.910E+03 7.401E+03 8.848E+03 1.032E+04 1.189E+04 1.342E+04 1.499E+04 1.653E+04 1.824E+04 1.999E+04 2.165E+04 2.316E+04 
2.500E+00 1.185E+02 4.712E+02 1.063E+03 1.866E+03 2.856E+03 3.998E+03 5.273E+03 6.666E+03 8.037E+03 9.442E+03 1.096E+04 1.243E+04 1.397E+04 1.547E+04 1.716E+04 1.889E+04 2.054E+04 2.202E+04 
3.000E+00 1.035E+02 4.116E+02 9.292E+02 1.641E+03 2.532E+03 3.574E+03 4.751E+03 6.053E+03 7.348E+03 8.686E+03 1.014E+04 1.156E+04 1.305E+04 1.451E+04 1.616E+04 1.786E+04 1.948E+04 2.094E+04 
4.000E+00 8.326E+01 3.311E+02 7.457E+02 1.325E+03 2.063E+03 2.944E+03 3.957E+03 5.096E+03 6.254E+03 7.464E+03 8.790E+03 1.011E+04 1.150E+04 1.287E+04 1.443E+04 1.605E+04 1.759E+04 1.900E+04 
5.000E+00 7.010E+01 2.788E+02 6.261E+02 1.115E+03 1.743E+03 2.502E+03 3.386E+03 4.390E+03 5.431E+03 6.529E+03 7.742E+03 8.965E+03 1.025E+04 1.154E+04 1.300E+04 1.453E+04 1.600E+04 1.734E+04 
6.000E+00 6.081E+01 2.418E+02 5.418E+02 9.653E+02 1.512E+03 2.177E+03 2.958E+03 3.853E+03 4.794E+03 5.796E+03 6.908E+03 8.041E+03 9.242E+03 1.045E+04 1.182E+04 1.326E+04 1.465E+04 1.592E+04 
7.000E+00 5.386E+01 2.141E+02 4.792E+02 8.533E+02 1.337E+03 1.929E+03 2.627E+03 3.432E+03 4.289E+03 5.208E+03 6.232E+03 7.285E+03 8.412E+03 9.535E+03 1.082E+04 1.218E+04 1.349E+04 1.471E+04 
8.000E+00 4.845E+01 1.927E+02 4.306E+02 7.664E+02 1.201E+03 1.734E+03 2.364E+03 3.095E+03 3.880E+03 4.728E+03 5.675E+03 6.656E+03 7.705E+03 8.767E+03 9.972E+03 1.125E+04 1.250E+04 1.366E+04 
9.000E+00 4.411E+01 1.754E+02 3.918E+02 6.969E+02 1.092E+03 1.576E+03 2.152E+03 2.819E+03 3.543E+03 4.329E+03 5.208E+03 6.126E+03 7.108E+03 8.111E+03 9.246E+03 1.045E+04 1.164E+04 1.275E+04 
1.000E+01 4.055E+01 1.612E+02 3.599E+02 6.400E+02 1.002E+03 1.447E+03 1.975E+03 2.590E+03 3.261E+03 3.993E+03 4.813E+03 5.674E+03 6.597E+03 7.545E+03 8.616E+03 9.757E+03 1.088E+04 1.195E+04 
1.500E+01 2.925E+01 1.163E+02 2.595E+02 4.609E+02 7.203E+02 1.038E+03 1.417E+03 1.857E+03 2.348E+03 2.892E+03 3.501E+03 4.154E+03 4.860E+03 5.598E+03 6.424E+03 7.313E+03 8.207E+03 9.076E+03 
2.000E+01 2.317E+01 9.214E+01 2.056E+02 3.651E+02 5.702E+02 8.211E+02 1.119E+03 1.464E+03 1.853E+03 2.286E+03 2.770E+03 3.295E+03 3.865E+03 4.467E+03 5.135E+03 5.857E+03 6.593E+03 7.325E+03 
2.500E+01 1.933E+01 7.690E+01 1.716E+02 3.049E+02 4.760E+02 6.851E+02 9.325E+02 1.219E+03 1.543E+03 1.905E+03 2.308E+03 2.747E+03 3.225E+03 3.734E+03 4.294E+03 4.900E+03 5.526E+03 6.157E+03 
3.000E+01 1.668E+01 6.635E+01 1.481E+02 2.632E+02 4.109E+02 5.913E+02 8.046E+02 1.051E+03 1.330E+03 1.642E+03 1.989E+03 2.368E+03 2.780E+03 3.221E+03 3.705E+03 4.228E+03 4.772E+03 5.326E+03 
4.000E+01 1.323E+01 5.263E+01 1.176E+02 2.089E+02 3.263E+02 4.696E+02 6.388E+02 8.342E+02 1.055E+03 1.302E+03 1.576E+03 1.876E+03 2.203E+03 2.554E+03 2.937E+03 3.349E+03 3.782E+03 4.230E+03 
5.000E+01 1.107E+01 4.406E+01 9.846E+01 1.750E+02 2.734E+02 3.935E+02 5.353E+02 6.989E+02 8.841E+02 1.091E+03 1.320E+03 1.571E+03 1.844E+03 2.138E+03 2.457E+03 2.800E+03 3.163E+03 3.541E+03 
6.000E+01 9.591E+00 3.816E+01 8.531E+01 1.517E+02 2.369E+02 3.411E+02 4.641E+02 6.060E+02 7.666E+02 9.460E+02 1.145E+03 1.362E+03 1.598E+03 1.853E+03 2.129E+03 2.425E+03 2.743E+03 3.068E+03 
7.000E+01 8.506E+00 3.384E+01 7.569E+01 1.346E+02 2.103E+02 3.027E+02 4.120E+02 5.379E+02 6.806E+02 8.400E+02 1.016E+03 1.209E+03 1.419E+03 1.645E+03 1.889E+03 2.151E+03 2.429E+03 2.722E+03 
8.000E+01 7.675E+00 3.054E+01 6.833E+01 1.215E+02 1.898E+02 2.734E+02 3.721E+02 4.859E+02 6.148E+02 7.588E+02 9.180E+02 1.092E+03 1.282E+03 1.486E+03 1.707E+03 1.943E+03 2.194E+03 2.459E+03 
9.000E+01 7.019E+00 2.793E+01 6.251E+01 1.112E+02 1.737E+02 2.501E+02 3.405E+02 4.447E+02 5.627E+02 6.946E+02 8.404E+02 1.000E+03 1.174E+03 1.361E+03 1.562E+03 1.778E+03 2.008E+03 2.250E+03 
1.000E+02 6.486E+00 2.581E+01 5.778E+01 1.028E+02 1.606E+02 2.313E+02 3.149E+02 4.112E+02 5.205E+02 6.425E+02 7.774E+02 9.251E+02 1.086E+03 1.259E+03 1.445E+03 1.645E+03 1.857E+03 2.082E+03 
1.500E+02 4.844E+00 1.928E+01 4.323E+01 7.689E+01 1.202E+02 1.731E+02 2.358E+02 3.080E+02 3.900E+02 4.816E+02 5.828E+02 6.937E+02 8.143E+02 9.446E+02 1.085E+03 1.234E+03 1.394E+03 1.563E+03 
2.000E+02 3.994E+00 1.590E+01 3.570E+01 6.351E+01 9.929E+01 1.431E+02 1.948E+02 2.546E+02 3.224E+02 3.982E+02 4.820E+02 5.738E+02 6.737E+02 7.816E+02 8.976E+02 1.022E+03 1.154E+03 1.294E+03 
2.500E+02 3.475E+00 1.384E+01 3.111E+01 5.534E+01 8.653E+01 1.247E+02 1.698E+02 2.219E+02 2.811E+02 3.472E+02 4.203E+02 5.005E+02 5.877E+02 6.819E+02 7.832E+02 8.916E+02 1.007E+03 1.129E+03 
3.000E+02 3.125E+00 1.245E+01 2.802E+01 4.985E+01 7.796E+01 1.123E+02 1.530E+02 2.000E+02 2.533E+02 3.129E+02 3.789E+02 4.512E+02 5.298E+02 6.149E+02 7.063E+02 8.041E+02 9.082E+02 1.019E+03 
4.000E+02 2.687E+00 1.071E+01 2.417E+01 4.300E+01 6.724E+01 9.690E+01 1.320E+02 1.726E+02 2.186E+02 2.700E+02 3.270E+02 3.895E+02 4.574E+02 5.309E+02 6.099E+02 6.945E+02 7.846E+02 8.802E+02 
5.000E+02 2.426E+00 9.677E+00 2.188E+01 3.894E+01 6.090E+01 8.777E+01 1.196E+02 1.563E+02 1.980E+02 2.447E+02 2.963E+02 3.529E+02 4.145E+02 4.812E+02 5.528E+02 6.295E+02 7.113E+02 7.980E+02 
6.000E+02 2.256E+00 9.000E+00 2.040E+01 3.631E+01 5.678E+01 8.184E+01 1.115E+02 1.458E+02 1.846E+02 2.282E+02 2.763E+02 3.292E+02 3.866E+02 4.488E+02 5.157E+02 5.873E+02 6.636E+02 7.446E+02 
7.000E+02 2.137E+00 8.529E+00 1.938E+01 3.449E+01 5.394E+01 7.775E+01 1.059E+02 1.385E+02 1.754E+02 2.168E+02 2.626E+02 3.128E+02 3.674E+02 4.265E+02 4.901E+02 5.581E+02 6.307E+02 7.077E+02 
8.000E+02 2.051E+00 8.186E+00 1.865E+01 3.319E+01 5.191E+01 7.482E+01 1.019E+02 1.333E+02 1.688E+02 2.086E+02 2.527E+02 3.010E+02 3.536E+02 4.105E+02 4.717E+02 5.372E+02 6.071E+02 6.813E+02 
9.000E+02 1.986E+00 7.932E+00 1.811E+01 3.223E+01 5.041E+01 7.266E+01 9.899E+01 1.294E+02 1.640E+02 2.026E+02 2.454E+02 2.923E+02 3.434E+02 3.987E+02 4.581E+02 5.218E+02 5.896E+02 6.617E+02 
1.000E+03 1.937E+00 7.735E+00 1.770E+01 3.149E+01 4.926E+01 7.100E+01 9.674E+01 1.265E+02 1.602E+02 1.980E+02 2.398E+02 2.857E+02 3.357E+02 3.897E+02 4.478E+02 5.100E+02 5.763E+02 6.468E+02 
