* Stopping power tables calculated with libdEdx, version 1.2.1-svn0
* by user fredo on host fredo-ThinkPad-P52s.
* Date of this calculation: Fri Dec  3 10:16:10 2021
* Timestamp: 20211203_101610
* Target material id: 276
* Target material name: WATER
* Algorithm: DEDX_ICRU49 + DEDX_ICRU73 + DEDX_MSTAR for He-4 with E > 250 MeV
* Energy [MeV/nucleon] dE/dx [MeV cm2/g] for ions 1<=z<=18 
2.500E-02 6.195E+02 1.131E+03 2.319E+03 2.872E+03 3.292E+03 3.604E+03 3.882E+03 4.122E+03 4.295E+03 4.451E+03 4.591E+03 4.754E+03 4.911E+03 5.070E+03 5.262E+03 5.413E+03 5.617E+03 5.716E+03 
3.000E-02 6.628E+02 1.240E+03 2.520E+03 3.144E+03 3.632E+03 4.004E+03 4.328E+03 4.606E+03 4.811E+03 4.991E+03 5.155E+03 5.318E+03 5.486E+03 5.653E+03 5.854E+03 6.019E+03 6.231E+03 6.339E+03 
4.000E-02 7.290E+02 1.426E+03 2.854E+03 3.610E+03 4.223E+03 4.712E+03 5.131E+03 5.494E+03 5.768E+03 6.004E+03 6.224E+03 6.396E+03 6.585E+03 6.770E+03 6.987E+03 7.176E+03 7.398E+03 7.520E+03 
5.000E-02 7.740E+02 1.582E+03 3.116E+03 3.997E+03 4.724E+03 5.325E+03 5.837E+03 6.287E+03 6.634E+03 6.934E+03 7.220E+03 7.414E+03 7.630E+03 7.838E+03 8.074E+03 8.287E+03 8.521E+03 8.652E+03 
6.000E-02 8.026E+02 1.713E+03 3.320E+03 4.317E+03 5.154E+03 5.860E+03 6.463E+03 6.998E+03 7.420E+03 7.785E+03 8.144E+03 8.366E+03 8.619E+03 8.856E+03 9.119E+03 9.360E+03 9.610E+03 9.753E+03 
7.000E-02 8.183E+02 1.824E+03 3.476E+03 4.579E+03 5.522E+03 6.329E+03 7.021E+03 7.639E+03 8.134E+03 8.566E+03 8.998E+03 9.255E+03 9.551E+03 9.823E+03 1.012E+04 1.039E+04 1.066E+04 1.082E+04 
8.000E-02 8.241E+02 1.918E+03 3.591E+03 4.790E+03 5.832E+03 6.736E+03 7.517E+03 8.218E+03 8.786E+03 9.284E+03 9.791E+03 1.008E+04 1.043E+04 1.074E+04 1.106E+04 1.137E+04 1.167E+04 1.185E+04 
9.000E-02 8.222E+02 1.996E+03 3.676E+03 4.957E+03 6.091E+03 7.088E+03 7.954E+03 8.737E+03 9.379E+03 9.944E+03 1.053E+04 1.086E+04 1.125E+04 1.160E+04 1.196E+04 1.231E+04 1.263E+04 1.284E+04 
1.000E-01 8.145E+02 2.062E+03 3.735E+03 5.087E+03 6.304E+03 7.387E+03 8.338E+03 9.201E+03 9.915E+03 1.055E+04 1.121E+04 1.158E+04 1.202E+04 1.241E+04 1.282E+04 1.320E+04 1.355E+04 1.378E+04 
1.500E-01 7.360E+02 2.240E+03 3.812E+03 5.387E+03 6.889E+03 8.299E+03 9.594E+03 1.081E+04 1.186E+04 1.281E+04 1.385E+04 1.446E+04 1.515E+04 1.577E+04 1.640E+04 1.699E+04 1.752E+04 1.790E+04 
2.000E-01 6.604E+02 2.256E+03 3.735E+03 5.403E+03 7.045E+03 8.635E+03 1.014E+04 1.160E+04 1.289E+04 1.410E+04 1.545E+04 1.628E+04 1.723E+04 1.809E+04 1.894E+04 1.976E+04 2.050E+04 2.107E+04 
2.500E-01 5.999E+02 2.190E+03 3.613E+03 5.318E+03 7.031E+03 8.719E+03 1.036E+04 1.196E+04 1.341E+04 1.479E+04 1.638E+04 1.737E+04 1.853E+04 1.959E+04 2.066E+04 2.168E+04 2.262E+04 2.338E+04 
3.000E-01 5.497E+02 2.081E+03 3.482E+03 5.197E+03 6.944E+03 8.688E+03 1.040E+04 1.210E+04 1.365E+04 1.515E+04 1.692E+04 1.802E+04 1.933E+04 2.055E+04 2.178E+04 2.298E+04 2.408E+04 2.500E+04 
4.000E-01 4.714E+02 1.837E+03 3.226E+03 4.924E+03 6.692E+03 8.485E+03 1.028E+04 1.208E+04 1.375E+04 1.538E+04 1.737E+04 1.860E+04 2.011E+04 2.154E+04 2.299E+04 2.443E+04 2.577E+04 2.693E+04 
5.000E-01 4.128E+02 1.624E+03 2.995E+03 4.655E+03 6.413E+03 8.216E+03 1.004E+04 1.189E+04 1.362E+04 1.532E+04 1.744E+04 1.873E+04 2.035E+04 2.190E+04 2.350E+04 2.509E+04 2.658E+04 2.789E+04 
6.000E-01 3.676E+02 1.451E+03 2.791E+03 4.404E+03 6.137E+03 7.933E+03 9.768E+03 1.164E+04 1.340E+04 1.514E+04 1.734E+04 1.865E+04 2.035E+04 2.198E+04 2.367E+04 2.536E+04 2.695E+04 2.836E+04 
7.000E-01 3.322E+02 1.313E+03 2.611E+03 4.173E+03 5.875E+03 7.653E+03 9.484E+03 1.136E+04 1.314E+04 1.490E+04 1.716E+04 1.848E+04 2.022E+04 2.190E+04 2.366E+04 2.542E+04 2.708E+04 2.856E+04 
8.000E-01 3.037E+02 1.202E+03 2.452E+03 3.963E+03 5.628E+03 7.384E+03 9.204E+03 1.108E+04 1.286E+04 1.463E+04 1.693E+04 1.825E+04 2.002E+04 2.173E+04 2.354E+04 2.535E+04 2.707E+04 2.859E+04 
9.000E-01 2.803E+02 1.111E+03 2.310E+03 3.771E+03 5.398E+03 7.127E+03 8.930E+03 1.080E+04 1.257E+04 1.434E+04 1.668E+04 1.799E+04 1.978E+04 2.151E+04 2.336E+04 2.521E+04 2.696E+04 2.852E+04 
1.000E+00 2.606E+02 1.034E+03 2.184E+03 3.596E+03 5.184E+03 6.884E+03 8.667E+03 1.052E+04 1.229E+04 1.406E+04 1.641E+04 1.772E+04 1.952E+04 2.126E+04 2.313E+04 2.501E+04 2.679E+04 2.838E+04 
1.500E+00 1.955E+02 7.771E+02 1.715E+03 2.912E+03 4.312E+03 5.857E+03 7.517E+03 9.279E+03 1.098E+04 1.270E+04 1.504E+04 1.631E+04 1.812E+04 1.988E+04 2.179E+04 2.373E+04 2.558E+04 2.723E+04 
2.000E+00 1.585E+02 6.301E+02 1.414E+03 2.444E+03 3.683E+03 5.081E+03 6.613E+03 8.262E+03 9.880E+03 1.153E+04 1.380E+04 1.503E+04 1.680E+04 1.852E+04 2.042E+04 2.237E+04 2.421E+04 2.587E+04 
2.500E+00 1.343E+02 5.340E+02 1.205E+03 2.106E+03 3.211E+03 4.481E+03 5.892E+03 7.431E+03 8.960E+03 1.053E+04 1.271E+04 1.390E+04 1.561E+04 1.730E+04 1.916E+04 2.107E+04 2.290E+04 2.454E+04 
3.000E+00 1.171E+02 4.656E+02 1.052E+03 1.852E+03 2.846E+03 4.004E+03 5.308E+03 6.743E+03 8.187E+03 9.682E+03 1.175E+04 1.291E+04 1.456E+04 1.620E+04 1.802E+04 1.989E+04 2.168E+04 2.330E+04 
4.000E+00 9.398E+01 3.737E+02 8.442E+02 1.496E+03 2.320E+03 3.300E+03 4.423E+03 5.679E+03 6.969E+03 8.321E+03 1.019E+04 1.128E+04 1.282E+04 1.435E+04 1.607E+04 1.784E+04 1.955E+04 2.110E+04 
5.000E+00 7.906E+01 3.144E+02 7.086E+02 1.259E+03 1.962E+03 2.808E+03 3.788E+03 4.898E+03 6.057E+03 7.285E+03 8.967E+03 9.998E+03 1.143E+04 1.287E+04 1.447E+04 1.615E+04 1.777E+04 1.926E+04 
6.000E+00 6.854E+01 2.725E+02 6.132E+02 1.090E+03 1.703E+03 2.446E+03 3.314E+03 4.304E+03 5.354E+03 6.474E+03 7.996E+03 8.973E+03 1.030E+04 1.165E+04 1.316E+04 1.473E+04 1.627E+04 1.769E+04 
7.000E+00 6.068E+01 2.413E+02 5.421E+02 9.639E+02 1.507E+03 2.169E+03 2.947E+03 3.839E+03 4.795E+03 5.823E+03 7.207E+03 8.134E+03 9.377E+03 1.064E+04 1.205E+04 1.354E+04 1.500E+04 1.635E+04 
8.000E+00 5.456E+01 2.169E+02 4.871E+02 8.659E+02 1.354E+03 1.951E+03 2.655E+03 3.466E+03 4.343E+03 5.292E+03 6.556E+03 7.438E+03 8.600E+03 9.788E+03 1.111E+04 1.252E+04 1.390E+04 1.519E+04 
9.000E+00 4.966E+01 1.975E+02 4.430E+02 7.874E+02 1.232E+03 1.775E+03 2.418E+03 3.161E+03 3.970E+03 4.850E+03 6.011E+03 6.851E+03 7.941E+03 9.061E+03 1.031E+04 1.164E+04 1.295E+04 1.418E+04 
1.000E+01 4.564E+01 1.815E+02 4.070E+02 7.231E+02 1.131E+03 1.630E+03 2.222E+03 2.907E+03 3.658E+03 4.478E+03 5.549E+03 6.350E+03 7.376E+03 8.434E+03 9.615E+03 1.087E+04 1.212E+04 1.330E+04 
1.500E+01 3.290E+01 1.308E+02 2.931E+02 5.205E+02 8.130E+02 1.171E+03 1.596E+03 2.090E+03 2.642E+03 3.252E+03 4.015E+03 4.662E+03 5.450E+03 6.276E+03 7.192E+03 8.173E+03 9.169E+03 1.014E+04 
2.000E+01 2.605E+01 1.036E+02 2.321E+02 4.121E+02 6.434E+02 9.263E+02 1.261E+03 1.650E+03 2.088E+03 2.574E+03 3.164E+03 3.705E+03 4.342E+03 5.017E+03 5.761E+03 6.562E+03 7.385E+03 8.202E+03 
2.500E+01 2.174E+01 8.645E+01 1.936E+02 3.439E+02 5.369E+02 7.727E+02 1.052E+03 1.374E+03 1.739E+03 2.146E+03 2.626E+03 3.092E+03 3.627E+03 4.198E+03 4.825E+03 5.500E+03 6.200E+03 6.906E+03 
3.000E+01 1.875E+01 7.457E+01 1.671E+02 2.968E+02 4.634E+02 6.668E+02 9.072E+02 1.185E+03 1.499E+03 1.850E+03 2.257E+03 2.666E+03 3.129E+03 3.625E+03 4.167E+03 4.750E+03 5.360E+03 5.982E+03 
4.000E+01 1.487E+01 5.914E+01 1.325E+02 2.355E+02 3.678E+02 5.292E+02 7.200E+02 9.400E+02 1.189E+03 1.468E+03 1.783E+03 2.114E+03 2.481E+03 2.876E+03 3.305E+03 3.767E+03 4.254E+03 4.757E+03 
5.000E+01 1.244E+01 4.950E+01 1.109E+02 1.972E+02 3.080E+02 4.433E+02 6.030E+02 7.873E+02 9.960E+02 1.229E+03 1.490E+03 1.770E+03 2.077E+03 2.408E+03 2.766E+03 3.151E+03 3.559E+03 3.984E+03 
6.000E+01 1.078E+01 4.287E+01 9.608E+01 1.708E+02 2.668E+02 3.841E+02 5.227E+02 6.824E+02 8.634E+02 1.065E+03 1.291E+03 1.534E+03 1.800E+03 2.087E+03 2.397E+03 2.729E+03 3.082E+03 3.452E+03 
7.000E+01 9.555E+00 3.801E+01 8.522E+01 1.515E+02 2.367E+02 3.409E+02 4.638E+02 6.057E+02 7.663E+02 9.458E+02 1.145E+03 1.361E+03 1.598E+03 1.852E+03 2.127E+03 2.422E+03 2.734E+03 3.064E+03 
8.000E+01 8.622E+00 3.430E+01 7.692E+01 1.368E+02 2.137E+02 3.077E+02 4.188E+02 5.469E+02 6.921E+02 8.542E+02 1.034E+03 1.230E+03 1.443E+03 1.673E+03 1.922E+03 2.187E+03 2.469E+03 2.767E+03 
9.000E+01 7.884E+00 3.138E+01 7.035E+01 1.251E+02 1.955E+02 2.815E+02 3.832E+02 5.005E+02 6.333E+02 7.818E+02 9.462E+02 1.126E+03 1.321E+03 1.532E+03 1.760E+03 2.001E+03 2.260E+03 2.532E+03 
1.000E+02 7.286E+00 2.900E+01 6.503E+01 1.156E+02 1.807E+02 2.603E+02 3.543E+02 4.628E+02 5.857E+02 7.230E+02 8.750E+02 1.041E+03 1.222E+03 1.417E+03 1.626E+03 1.851E+03 2.090E+03 2.342E+03 
1.500E+02 5.443E+00 2.167E+01 4.862E+01 8.647E+01 1.352E+02 1.947E+02 2.651E+02 3.464E+02 4.386E+02 5.416E+02 6.555E+02 7.802E+02 9.158E+02 1.062E+03 1.220E+03 1.388E+03 1.567E+03 1.757E+03 
2.000E+02 4.491E+00 1.788E+01 4.014E+01 7.140E+01 1.116E+02 1.608E+02 2.190E+02 2.862E+02 3.624E+02 4.476E+02 5.419E+02 6.451E+02 7.574E+02 8.787E+02 1.009E+03 1.148E+03 1.297E+03 1.455E+03 
2.500E+02 3.910E+00 1.557E+01 3.496E+01 6.220E+01 9.726E+01 1.401E+02 1.909E+02 2.494E+02 3.159E+02 3.902E+02 4.724E+02 5.625E+02 6.605E+02 7.664E+02 8.803E+02 1.002E+03 1.132E+03 1.269E+03 
3.000E+02 3.519E+00 1.402E+01 3.149E+01 5.602E+01 8.760E+01 1.262E+02 1.719E+02 2.247E+02 2.846E+02 3.516E+02 4.257E+02 5.070E+02 5.954E+02 6.909E+02 7.936E+02 9.035E+02 1.020E+03 1.145E+03 
4.000E+02 3.031E+00 1.209E+01 2.715E+01 4.830E+01 7.554E+01 1.089E+02 1.483E+02 1.938E+02 2.455E+02 3.034E+02 3.673E+02 4.375E+02 5.138E+02 5.964E+02 6.851E+02 7.801E+02 8.813E+02 9.887E+02 
5.000E+02 2.743E+00 1.094E+01 2.458E+01 4.373E+01 6.839E+01 9.857E+01 1.343E+02 1.756E+02 2.224E+02 2.748E+02 3.328E+02 3.963E+02 4.655E+02 5.404E+02 6.208E+02 7.070E+02 7.987E+02 8.962E+02 
6.000E+02 2.555E+00 1.020E+01 2.291E+01 4.077E+01 6.376E+01 9.189E+01 1.252E+02 1.637E+02 2.073E+02 2.562E+02 3.103E+02 3.696E+02 4.341E+02 5.039E+02 5.790E+02 6.594E+02 7.450E+02 8.360E+02 
7.000E+02 2.426E+00 9.682E+00 2.176E+01 3.872E+01 6.056E+01 8.729E+01 1.189E+02 1.555E+02 1.970E+02 2.434E+02 2.948E+02 3.511E+02 4.125E+02 4.788E+02 5.502E+02 6.266E+02 7.080E+02 7.945E+02 
8.000E+02 2.333E+00 9.313E+00 2.094E+01 3.726E+01 5.827E+01 8.399E+01 1.144E+02 1.496E+02 1.895E+02 2.342E+02 2.836E+02 3.379E+02 3.969E+02 4.608E+02 5.295E+02 6.030E+02 6.814E+02 7.646E+02 
9.000E+02 2.264E+00 9.042E+00 2.033E+01 3.617E+01 5.657E+01 8.154E+01 1.111E+02 1.452E+02 1.840E+02 2.274E+02 2.754E+02 3.281E+02 3.854E+02 4.475E+02 5.142E+02 5.856E+02 6.617E+02 7.426E+02 
1.000E+03 2.211E+00 8.831E+00 1.986E+01 3.535E+01 5.528E+01 7.968E+01 1.086E+02 1.419E+02 1.798E+02 2.222E+02 2.691E+02 3.206E+02 3.767E+02 4.373E+02 5.025E+02 5.723E+02 6.467E+02 7.258E+02 
