*---><---><--------><------------------------------------------------>
    0    0           Furusawa_2000
*---><---><--------><--------><--------><--------><--------><-------->
*Lead scatter foil
  RCC    1       0.0       0.0       0.1       0.0       0.0   0.004  
                25.0
*---><---><--------><--------><--------><--------><--------><-------->
*Range shifter
  RCC    2       0.0       0.0       0.2       0.0       0.0  0.014533
                25.0
*---><---><--------><--------><--------><--------><--------><-------->
*cells (assuming water)
  RCC    3       0.0       0.0       5.0       0.0       0.0      0.01
                 5.0
*---><---><--------><--------><--------><--------><--------><-------->
*vacuum
  RCC    4       0.0       0.0      -5.0       0.0       0.0     200.0
                30.0
*black hole
  RCC    5       0.0       0.0     -10.0       0.0       0.0     250.0
                35.0
  END
*.<-><--->..<--->OR<--->OR<--->OR<--->OR<--->OR<--->OR<--->OR<--->OR<--->
  001          +1
  002          +2
  003          +3
  004          +4     -3     -2     -1
  004          +5     -4
  END
*---><---><---><---><---><---><---><---><---><---><---><---><---><--->
    1    2    3    4    5
    4 1       3 1000    0
