* Stopping power tables calculated with libdEdx, version 1.2.1-svn0
* by user fredo on host fredo-ThinkPad-P52s.
* Date of this calculation: Fri Dec  3 10:12:36 2021
* Timestamp: 20211203_101236
* Target material id: 1
* Target material name: HYDROGEN
* Algorithm: DEDX_ICRU49 + DEDX_ICRU73 + DEDX_MSTAR for He-4 with E > 250 MeV
* Energy [MeV/nucleon] dE/dx [MeV cm2/g] for ions 1<=z<=18 
2.500E-02 3.316E+03 4.058E+03 8.310E+03 1.050E+04 1.219E+04 1.342E+04 1.465E+04 1.564E+04 1.624E+04 1.675E+04 1.723E+04 1.800E+04 1.867E+04 1.933E+04 2.027E+04 2.094E+04 2.189E+04 2.230E+04 
3.000E-02 3.490E+03 4.527E+03 8.919E+03 1.136E+04 1.329E+04 1.475E+04 1.614E+04 1.728E+04 1.800E+04 1.860E+04 1.915E+04 1.994E+04 2.065E+04 2.135E+04 2.234E+04 2.307E+04 2.405E+04 2.450E+04 
4.000E-02 3.710E+03 5.342E+03 9.838E+03 1.272E+04 1.512E+04 1.700E+04 1.873E+04 2.018E+04 2.115E+04 2.196E+04 2.267E+04 2.352E+04 2.432E+04 2.510E+04 2.616E+04 2.699E+04 2.800E+04 2.852E+04 
5.000E-02 3.808E+03 6.019E+03 1.046E+04 1.372E+04 1.652E+04 1.881E+04 2.087E+04 2.263E+04 2.388E+04 2.492E+04 2.581E+04 2.677E+04 2.767E+04 2.853E+04 2.967E+04 3.059E+04 3.164E+04 3.220E+04 
6.000E-02 3.822E+03 6.581E+03 1.087E+04 1.444E+04 1.759E+04 2.025E+04 2.262E+04 2.470E+04 2.622E+04 2.751E+04 2.863E+04 2.972E+04 3.074E+04 3.169E+04 3.292E+04 3.394E+04 3.503E+04 3.564E+04 
7.000E-02 3.781E+03 7.040E+03 1.114E+04 1.496E+04 1.840E+04 2.138E+04 2.405E+04 2.642E+04 2.823E+04 2.977E+04 3.111E+04 3.237E+04 3.353E+04 3.460E+04 3.593E+04 3.706E+04 3.821E+04 3.887E+04 
8.000E-02 3.702E+03 7.409E+03 1.130E+04 1.533E+04 1.901E+04 2.227E+04 2.520E+04 2.786E+04 2.992E+04 3.171E+04 3.329E+04 3.473E+04 3.606E+04 3.726E+04 3.870E+04 3.996E+04 4.118E+04 4.191E+04 
9.000E-02 3.601E+03 7.697E+03 1.140E+04 1.558E+04 1.947E+04 2.296E+04 2.614E+04 2.904E+04 3.135E+04 3.337E+04 3.519E+04 3.682E+04 3.832E+04 3.967E+04 4.124E+04 4.263E+04 4.394E+04 4.476E+04 
1.000E-01 3.487E+03 7.915E+03 1.143E+04 1.576E+04 1.981E+04 2.350E+04 2.689E+04 3.001E+04 3.254E+04 3.479E+04 3.684E+04 3.865E+04 4.033E+04 4.183E+04 4.354E+04 4.508E+04 4.649E+04 4.741E+04 
1.500E-01 2.890E+03 8.222E+03 1.121E+04 1.590E+04 2.046E+04 2.479E+04 2.888E+04 3.280E+04 3.614E+04 3.925E+04 4.223E+04 4.489E+04 4.738E+04 4.962E+04 5.203E+04 5.429E+04 5.631E+04 5.782E+04 
2.000E-01 2.402E+03 7.808E+03 1.073E+04 1.553E+04 2.031E+04 2.494E+04 2.939E+04 3.374E+04 3.755E+04 4.116E+04 4.476E+04 4.802E+04 5.111E+04 5.393E+04 5.689E+04 5.975E+04 6.231E+04 6.439E+04 
2.500E-01 2.031E+03 7.157E+03 1.021E+04 1.501E+04 1.988E+04 2.464E+04 2.929E+04 3.389E+04 3.797E+04 4.189E+04 4.589E+04 4.956E+04 5.306E+04 5.629E+04 5.967E+04 6.297E+04 6.595E+04 6.846E+04 
3.000E-01 1.753E+03 6.500E+03 9.696E+03 1.446E+04 1.934E+04 2.417E+04 2.892E+04 3.367E+04 3.791E+04 4.203E+04 4.629E+04 5.024E+04 5.404E+04 5.756E+04 6.124E+04 6.488E+04 6.816E+04 7.100E+04 
4.000E-01 1.384E+03 5.402E+03 8.773E+03 1.338E+04 1.820E+04 2.304E+04 2.786E+04 3.274E+04 3.716E+04 4.148E+04 4.605E+04 5.033E+04 5.451E+04 5.840E+04 6.249E+04 6.656E+04 7.025E+04 7.353E+04 
5.000E-01 1.159E+03 4.588E+03 7.989E+03 1.241E+04 1.710E+04 2.188E+04 2.668E+04 3.160E+04 3.608E+04 4.049E+04 4.520E+04 4.967E+04 5.405E+04 5.815E+04 6.248E+04 6.682E+04 7.076E+04 7.431E+04 
6.000E-01 1.007E+03 3.984E+03 7.326E+03 1.155E+04 1.610E+04 2.078E+04 2.553E+04 3.043E+04 3.491E+04 3.936E+04 4.414E+04 4.870E+04 5.320E+04 5.743E+04 6.190E+04 6.641E+04 7.052E+04 7.425E+04 
7.000E-01 8.942E+02 3.535E+03 6.761E+03 1.079E+04 1.520E+04 1.977E+04 2.444E+04 2.928E+04 3.375E+04 3.819E+04 4.300E+04 4.760E+04 5.217E+04 5.647E+04 6.104E+04 6.566E+04 6.987E+04 7.372E+04 
8.000E-01 8.059E+02 3.187E+03 6.275E+03 1.012E+04 1.438E+04 1.884E+04 2.342E+04 2.820E+04 3.263E+04 3.705E+04 4.185E+04 4.647E+04 5.107E+04 5.541E+04 6.004E+04 6.472E+04 6.901E+04 7.294E+04 
9.000E-01 7.349E+02 2.906E+03 5.853E+03 9.533E+03 1.365E+04 1.798E+04 2.247E+04 2.717E+04 3.155E+04 3.594E+04 4.073E+04 4.534E+04 4.994E+04 5.431E+04 5.896E+04 6.369E+04 6.802E+04 7.201E+04 
1.000E+00 6.764E+02 2.675E+03 5.485E+03 9.006E+03 1.298E+04 1.720E+04 2.159E+04 2.621E+04 3.054E+04 3.489E+04 3.964E+04 4.423E+04 4.883E+04 5.320E+04 5.786E+04 6.262E+04 6.697E+04 7.100E+04 
1.500E+00 4.897E+02 1.939E+03 4.175E+03 7.054E+03 1.042E+04 1.410E+04 1.802E+04 2.222E+04 2.625E+04 3.034E+04 3.485E+04 3.925E+04 4.371E+04 4.799E+04 5.258E+04 5.729E+04 6.164E+04 6.570E+04 
2.000E+00 3.881E+02 1.538E+03 3.377E+03 5.801E+03 8.704E+03 1.195E+04 1.547E+04 1.928E+04 2.301E+04 2.683E+04 3.106E+04 3.523E+04 3.947E+04 4.359E+04 4.802E+04 5.258E+04 5.683E+04 6.083E+04 
2.500E+00 3.235E+02 1.283E+03 2.843E+03 4.933E+03 7.478E+03 1.037E+04 1.355E+04 1.702E+04 2.048E+04 2.406E+04 2.802E+04 3.196E+04 3.600E+04 3.993E+04 4.417E+04 4.855E+04 5.267E+04 5.657E+04 
3.000E+00 2.785E+02 1.105E+03 2.460E+03 4.297E+03 6.560E+03 9.165E+03 1.206E+04 1.525E+04 1.846E+04 2.182E+04 2.553E+04 2.925E+04 3.309E+04 3.685E+04 4.089E+04 4.510E+04 4.908E+04 5.286E+04 
4.000E+00 2.195E+02 8.714E+02 1.948E+03 3.427E+03 5.278E+03 7.449E+03 9.897E+03 1.263E+04 1.544E+04 1.841E+04 2.170E+04 2.504E+04 2.851E+04 3.195E+04 3.565E+04 3.952E+04 4.322E+04 4.678E+04 
5.000E+00 1.823E+02 7.238E+02 1.620E+03 2.862E+03 4.428E+03 6.286E+03 8.406E+03 1.079E+04 1.329E+04 1.594E+04 1.889E+04 2.191E+04 2.507E+04 2.823E+04 3.164E+04 3.520E+04 3.865E+04 4.199E+04 
6.000E+00 1.565E+02 6.216E+02 1.393E+03 2.464E+03 3.823E+03 5.448E+03 7.316E+03 9.426E+03 1.167E+04 1.408E+04 1.674E+04 1.950E+04 2.239E+04 2.532E+04 2.846E+04 3.176E+04 3.498E+04 3.813E+04 
7.000E+00 1.375E+02 5.463E+02 1.225E+03 2.169E+03 3.371E+03 4.815E+03 6.486E+03 8.380E+03 1.042E+04 1.261E+04 1.504E+04 1.758E+04 2.025E+04 2.296E+04 2.588E+04 2.896E+04 3.198E+04 3.495E+04 
8.000E+00 1.229E+02 4.884E+02 1.095E+03 1.941E+03 3.019E+03 4.321E+03 5.831E+03 7.550E+03 9.415E+03 1.143E+04 1.366E+04 1.601E+04 1.849E+04 2.102E+04 2.375E+04 2.662E+04 2.946E+04 3.228E+04 
9.000E+00 1.113E+02 4.423E+02 9.921E+02 1.759E+03 2.738E+03 3.923E+03 5.303E+03 6.877E+03 8.595E+03 1.046E+04 1.253E+04 1.471E+04 1.702E+04 1.939E+04 2.195E+04 2.464E+04 2.733E+04 3.000E+04 
1.000E+01 1.019E+02 4.047E+02 9.082E+02 1.610E+03 2.509E+03 3.597E+03 4.867E+03 6.319E+03 7.913E+03 9.649E+03 1.157E+04 1.361E+04 1.577E+04 1.801E+04 2.041E+04 2.295E+04 2.549E+04 2.804E+04 
1.500E+01 7.233E+01 2.875E+02 6.458E+02 1.146E+03 1.787E+03 2.567E+03 3.484E+03 4.536E+03 5.709E+03 7.002E+03 8.430E+03 9.966E+03 1.161E+04 1.334E+04 1.519E+04 1.716E+04 1.917E+04 2.122E+04 
2.000E+01 5.675E+01 2.256E+02 5.070E+02 9.002E+02 1.404E+03 2.019E+03 2.742E+03 3.574E+03 4.508E+03 5.542E+03 6.685E+03 7.921E+03 9.253E+03 1.066E+04 1.218E+04 1.379E+04 1.545E+04 1.717E+04 
2.500E+01 4.704E+01 1.870E+02 4.205E+02 7.468E+02 1.166E+03 1.676E+03 2.278E+03 2.970E+03 3.750E+03 4.616E+03 5.572E+03 6.612E+03 7.734E+03 8.929E+03 1.021E+04 1.158E+04 1.300E+04 1.448E+04 
3.000E+01 4.038E+01 1.606E+02 3.611E+02 6.415E+02 1.001E+03 1.440E+03 1.958E+03 2.554E+03 3.226E+03 3.975E+03 4.800E+03 5.700E+03 6.673E+03 7.713E+03 8.829E+03 1.002E+04 1.126E+04 1.256E+04 
4.000E+01 3.179E+01 1.264E+02 2.845E+02 5.055E+02 7.894E+02 1.136E+03 1.545E+03 2.016E+03 2.548E+03 3.141E+03 3.796E+03 4.511E+03 5.286E+03 6.117E+03 7.009E+03 7.961E+03 8.965E+03 1.002E+04 
5.000E+01 2.647E+01 1.053E+02 2.369E+02 4.212E+02 6.578E+02 9.468E+02 1.288E+03 1.681E+03 2.126E+03 2.622E+03 3.169E+03 3.768E+03 4.417E+03 5.115E+03 5.864E+03 6.664E+03 7.509E+03 8.400E+03 
6.000E+01 2.284E+01 9.082E+01 2.045E+02 3.635E+02 5.678E+02 8.174E+02 1.112E+03 1.452E+03 1.836E+03 2.265E+03 2.739E+03 3.257E+03 3.820E+03 4.425E+03 5.075E+03 5.769E+03 6.504E+03 7.280E+03 
7.000E+01 2.019E+01 8.030E+01 1.808E+02 3.214E+02 5.022E+02 7.230E+02 9.839E+02 1.285E+03 1.625E+03 2.005E+03 2.425E+03 2.884E+03 3.383E+03 3.920E+03 4.497E+03 5.113E+03 5.766E+03 6.457E+03 
8.000E+01 1.817E+01 7.228E+01 1.628E+02 2.894E+02 4.522E+02 6.511E+02 8.861E+02 1.157E+03 1.464E+03 1.807E+03 2.185E+03 2.600E+03 3.049E+03 3.535E+03 4.055E+03 4.611E+03 5.202E+03 5.826E+03 
9.000E+01 1.658E+01 6.596E+01 1.485E+02 2.641E+02 4.128E+02 5.944E+02 8.090E+02 1.057E+03 1.337E+03 1.650E+03 1.996E+03 2.375E+03 2.786E+03 3.230E+03 3.706E+03 4.215E+03 4.755E+03 5.327E+03 
1.000E+02 1.529E+01 6.085E+01 1.370E+02 2.437E+02 3.808E+02 5.485E+02 7.466E+02 9.751E+02 1.234E+03 1.523E+03 1.843E+03 2.193E+03 2.573E+03 2.983E+03 3.423E+03 3.893E+03 4.393E+03 4.922E+03 
1.500E+02 1.135E+01 4.517E+01 1.018E+02 1.810E+02 2.829E+02 4.076E+02 5.549E+02 7.250E+02 9.177E+02 1.133E+03 1.371E+03 1.632E+03 1.916E+03 2.222E+03 2.551E+03 2.902E+03 3.277E+03 3.673E+03 
2.000E+02 9.323E+00 3.713E+01 8.366E+01 1.488E+02 2.326E+02 3.351E+02 4.564E+02 5.963E+02 7.550E+02 9.324E+02 1.129E+03 1.344E+03 1.577E+03 1.830E+03 2.101E+03 2.391E+03 2.700E+03 3.028E+03 
2.500E+02 8.092E+00 3.223E+01 7.265E+01 1.292E+02 2.020E+02 2.911E+02 3.964E+02 5.180E+02 6.559E+02 8.102E+02 9.808E+02 1.168E+03 1.371E+03 1.591E+03 1.827E+03 2.079E+03 2.348E+03 2.634E+03 
3.000E+02 7.266E+00 2.895E+01 6.526E+01 1.161E+02 1.815E+02 2.615E+02 3.562E+02 4.655E+02 5.895E+02 7.282E+02 8.816E+02 1.050E+03 1.233E+03 1.430E+03 1.643E+03 1.870E+03 2.112E+03 2.369E+03 
4.000E+02 6.236E+00 2.486E+01 5.605E+01 9.971E+01 1.559E+02 2.247E+02 3.060E+02 3.999E+02 5.065E+02 6.258E+02 7.577E+02 9.023E+02 1.060E+03 1.230E+03 1.413E+03 1.608E+03 1.817E+03 2.038E+03 
5.000E+02 5.625E+00 2.244E+01 5.059E+01 9.001E+01 1.407E+02 2.028E+02 2.763E+02 3.611E+02 4.574E+02 5.651E+02 6.843E+02 8.149E+02 9.571E+02 1.111E+03 1.276E+03 1.453E+03 1.641E+03 1.841E+03 
6.000E+02 5.228E+00 2.086E+01 4.704E+01 8.370E+01 1.309E+02 1.886E+02 2.569E+02 3.358E+02 4.254E+02 5.256E+02 6.365E+02 7.580E+02 8.903E+02 1.033E+03 1.187E+03 1.352E+03 1.527E+03 1.713E+03 
7.000E+02 4.954E+00 1.977E+01 4.459E+01 7.933E+01 1.241E+02 1.788E+02 2.436E+02 3.184E+02 4.033E+02 4.983E+02 6.034E+02 7.187E+02 8.441E+02 9.798E+02 1.126E+03 1.282E+03 1.448E+03 1.625E+03 
8.000E+02 4.755E+00 1.898E+01 4.282E+01 7.619E+01 1.192E+02 1.717E+02 2.339E+02 3.058E+02 3.873E+02 4.786E+02 5.796E+02 6.903E+02 8.109E+02 9.412E+02 1.081E+03 1.231E+03 1.391E+03 1.561E+03 
9.000E+02 4.608E+00 1.840E+01 4.151E+01 7.386E+01 1.155E+02 1.665E+02 2.268E+02 2.964E+02 3.755E+02 4.640E+02 5.619E+02 6.693E+02 7.861E+02 9.125E+02 1.048E+03 1.194E+03 1.349E+03 1.514E+03 
1.000E+03 4.496E+00 1.796E+01 4.051E+01 7.207E+01 1.127E+02 1.624E+02 2.213E+02 2.893E+02 3.664E+02 4.528E+02 5.483E+02 6.531E+02 7.672E+02 8.905E+02 1.023E+03 1.165E+03 1.317E+03 1.477E+03 
