* Stopping power tables calculated with libdEdx, version 1.2.1-svn0
* by user fredo on host fredo-ThinkPad-P52s.
* Date of this calculation: Fri Dec  3 10:14:09 2021
* Timestamp: 20211203_101409
* Target material id: 82
* Target material name: LEAD
* Algorithm: DEDX_ICRU49 + DEDX_ICRU73 + DEDX_MSTAR for He-4 with E > 250 MeV
* Energy [MeV/nucleon] dE/dx [MeV cm2/g] for ions 1<=z<=18 
2.500E-02 7.294E+01 1.949E+02 3.483E+02 4.635E+02 5.692E+02 6.665E+02 7.558E+02 8.429E+02 9.254E+02 1.005E+03 1.081E+03 1.152E+03 1.223E+03 1.293E+03 1.358E+03 1.423E+03 1.485E+03 1.554E+03 
3.000E-02 7.885E+01 2.134E+02 3.786E+02 5.078E+02 6.265E+02 7.355E+02 8.351E+02 9.317E+02 1.023E+03 1.110E+03 1.193E+03 1.271E+03 1.349E+03 1.426E+03 1.497E+03 1.569E+03 1.637E+03 1.713E+03 
4.000E-02 8.884E+01 2.454E+02 4.260E+02 5.801E+02 7.228E+02 8.541E+02 9.739E+02 1.089E+03 1.197E+03 1.299E+03 1.396E+03 1.487E+03 1.577E+03 1.666E+03 1.748E+03 1.831E+03 1.910E+03 1.998E+03 
5.000E-02 9.702E+01 2.723E+02 4.605E+02 6.356E+02 7.996E+02 9.515E+02 1.091E+03 1.223E+03 1.348E+03 1.465E+03 1.576E+03 1.679E+03 1.781E+03 1.880E+03 1.973E+03 2.065E+03 2.154E+03 2.252E+03 
6.000E-02 1.038E+02 2.952E+02 4.861E+02 6.786E+02 8.612E+02 1.032E+03 1.189E+03 1.339E+03 1.479E+03 1.612E+03 1.736E+03 1.851E+03 1.965E+03 2.075E+03 2.178E+03 2.280E+03 2.377E+03 2.485E+03 
7.000E-02 1.095E+02 3.149E+02 5.059E+02 7.126E+02 9.110E+02 1.098E+03 1.272E+03 1.439E+03 1.594E+03 1.742E+03 1.880E+03 2.007E+03 2.133E+03 2.253E+03 2.366E+03 2.477E+03 2.584E+03 2.700E+03 
8.000E-02 1.141E+02 3.316E+02 5.217E+02 7.402E+02 9.521E+02 1.154E+03 1.343E+03 1.524E+03 1.695E+03 1.856E+03 2.008E+03 2.148E+03 2.285E+03 2.417E+03 2.540E+03 2.661E+03 2.776E+03 2.901E+03 
9.000E-02 1.180E+02 3.460E+02 5.346E+02 7.631E+02 9.866E+02 1.201E+03 1.403E+03 1.599E+03 1.783E+03 1.958E+03 2.123E+03 2.275E+03 2.424E+03 2.567E+03 2.700E+03 2.831E+03 2.955E+03 3.089E+03 
1.000E-01 1.211E+02 3.582E+02 5.454E+02 7.826E+02 1.016E+03 1.242E+03 1.456E+03 1.664E+03 1.860E+03 2.048E+03 2.226E+03 2.390E+03 2.551E+03 2.705E+03 2.848E+03 2.989E+03 3.122E+03 3.265E+03 
1.500E-01 1.281E+02 3.942E+02 5.801E+02 8.488E+02 1.119E+03 1.386E+03 1.645E+03 1.900E+03 2.146E+03 2.384E+03 2.613E+03 2.828E+03 3.040E+03 3.243E+03 3.435E+03 3.624E+03 3.802E+03 3.990E+03 
2.000E-01 1.263E+02 4.040E+02 5.962E+02 8.853E+02 1.180E+03 1.475E+03 1.765E+03 2.053E+03 2.334E+03 2.609E+03 2.875E+03 3.128E+03 3.378E+03 3.621E+03 3.851E+03 4.078E+03 4.296E+03 4.522E+03 
2.500E-01 1.204E+02 4.010E+02 6.020E+02 9.051E+02 1.218E+03 1.534E+03 1.848E+03 2.161E+03 2.469E+03 2.772E+03 3.068E+03 3.351E+03 3.632E+03 3.905E+03 4.167E+03 4.426E+03 4.675E+03 4.934E+03 
3.000E-01 1.133E+02 3.944E+02 6.016E+02 9.142E+02 1.241E+03 1.573E+03 1.906E+03 2.240E+03 2.570E+03 2.896E+03 3.216E+03 3.523E+03 3.830E+03 4.129E+03 4.417E+03 4.703E+03 4.980E+03 5.266E+03 
4.000E-01 9.999E+01 3.746E+02 5.907E+02 9.137E+02 1.258E+03 1.614E+03 1.974E+03 2.340E+03 2.703E+03 3.065E+03 3.422E+03 3.767E+03 4.114E+03 4.455E+03 4.787E+03 5.118E+03 5.440E+03 5.771E+03 
5.000E-01 8.950E+01 3.486E+02 5.742E+02 9.012E+02 1.255E+03 1.626E+03 2.005E+03 2.391E+03 2.778E+03 3.166E+03 3.551E+03 3.925E+03 4.303E+03 4.675E+03 5.042E+03 5.408E+03 5.765E+03 6.132E+03 
6.000E-01 8.137E+01 3.231E+02 5.559E+02 8.835E+02 1.242E+03 1.621E+03 2.012E+03 2.414E+03 2.817E+03 3.224E+03 3.630E+03 4.028E+03 4.429E+03 4.827E+03 5.220E+03 5.614E+03 6.000E+03 6.394E+03 
7.000E-01 7.505E+01 3.025E+02 5.375E+02 8.633E+02 1.224E+03 1.607E+03 2.006E+03 2.418E+03 2.833E+03 3.253E+03 3.676E+03 4.092E+03 4.512E+03 4.928E+03 5.344E+03 5.760E+03 6.170E+03 6.586E+03 
8.000E-01 7.008E+01 2.855E+02 5.197E+02 8.423E+02 1.202E+03 1.588E+03 1.992E+03 2.411E+03 2.835E+03 3.265E+03 3.699E+03 4.129E+03 4.563E+03 4.995E+03 5.428E+03 5.863E+03 6.291E+03 6.726E+03 
9.000E-01 6.612E+01 2.709E+02 5.029E+02 8.215E+02 1.180E+03 1.566E+03 1.973E+03 2.396E+03 2.827E+03 3.264E+03 3.708E+03 4.148E+03 4.593E+03 5.038E+03 5.484E+03 5.934E+03 6.378E+03 6.827E+03 
1.000E+00 6.292E+01 2.583E+02 4.873E+02 8.013E+02 1.157E+03 1.543E+03 1.952E+03 2.378E+03 2.812E+03 3.255E+03 3.706E+03 4.154E+03 4.608E+03 5.062E+03 5.520E+03 5.982E+03 6.439E+03 6.901E+03 
1.500E+00 5.222E+01 2.132E+02 4.243E+02 7.140E+02 1.052E+03 1.427E+03 1.831E+03 2.259E+03 2.700E+03 3.154E+03 3.621E+03 4.090E+03 4.569E+03 5.051E+03 5.543E+03 6.040E+03 6.536E+03 7.035E+03 
2.000E+00 4.534E+01 1.844E+02 3.787E+02 6.460E+02 9.641E+02 1.323E+03 1.715E+03 2.135E+03 2.571E+03 3.024E+03 3.493E+03 3.968E+03 4.455E+03 4.947E+03 5.454E+03 5.968E+03 6.483E+03 6.999E+03 
2.500E+00 4.040E+01 1.639E+02 3.436E+02 5.913E+02 8.904E+02 1.232E+03 1.610E+03 2.018E+03 2.445E+03 2.892E+03 3.358E+03 3.831E+03 4.318E+03 4.813E+03 5.326E+03 5.847E+03 6.371E+03 6.897E+03 
3.000E+00 3.663E+01 1.483E+02 3.154E+02 5.461E+02 8.276E+02 1.153E+03 1.515E+03 1.910E+03 2.327E+03 2.765E+03 3.223E+03 3.691E+03 4.175E+03 4.669E+03 5.181E+03 5.705E+03 6.233E+03 6.762E+03 
4.000E+00 3.118E+01 1.258E+02 2.722E+02 4.751E+02 7.265E+02 1.021E+03 1.354E+03 1.722E+03 2.114E+03 2.531E+03 2.970E+03 3.422E+03 3.894E+03 4.376E+03 4.882E+03 5.401E+03 5.927E+03 6.454E+03 
5.000E+00 2.737E+01 1.102E+02 2.406E+02 4.219E+02 6.487E+02 9.172E+02 1.224E+03 1.565E+03 1.934E+03 2.327E+03 2.746E+03 3.180E+03 3.634E+03 4.101E+03 4.594E+03 5.101E+03 5.617E+03 6.136E+03 
6.000E+00 2.453E+01 9.863E+01 2.163E+02 3.805E+02 5.871E+02 8.336E+02 1.117E+03 1.435E+03 1.781E+03 2.153E+03 2.550E+03 2.965E+03 3.401E+03 3.851E+03 4.328E+03 4.820E+03 5.324E+03 5.831E+03 
7.000E+00 2.231E+01 8.961E+01 1.971E+02 3.473E+02 5.373E+02 7.650E+02 1.029E+03 1.325E+03 1.651E+03 2.002E+03 2.380E+03 2.776E+03 3.193E+03 3.627E+03 4.087E+03 4.564E+03 5.053E+03 5.547E+03 
8.000E+00 2.051E+01 8.232E+01 1.814E+02 3.202E+02 4.962E+02 7.079E+02 9.540E+02 1.232E+03 1.539E+03 1.872E+03 2.231E+03 2.609E+03 3.009E+03 3.426E+03 3.869E+03 4.330E+03 4.805E+03 5.285E+03 
9.000E+00 1.903E+01 7.632E+01 1.684E+02 2.976E+02 4.617E+02 6.597E+02 8.905E+02 1.153E+03 1.442E+03 1.758E+03 2.100E+03 2.461E+03 2.845E+03 3.246E+03 3.673E+03 4.119E+03 4.579E+03 5.044E+03 
1.000E+01 1.778E+01 7.126E+01 1.574E+02 2.784E+02 4.323E+02 6.184E+02 8.358E+02 1.083E+03 1.358E+03 1.658E+03 1.984E+03 2.330E+03 2.698E+03 3.084E+03 3.496E+03 3.927E+03 4.372E+03 4.824E+03 
1.500E+01 1.359E+01 5.435E+01 1.206E+02 2.138E+02 3.327E+02 4.771E+02 6.468E+02 8.414E+02 1.060E+03 1.301E+03 1.565E+03 1.849E+03 2.154E+03 2.477E+03 2.823E+03 3.189E+03 3.571E+03 3.962E+03 
2.000E+01 1.116E+01 4.459E+01 9.928E+01 1.762E+02 2.745E+02 3.940E+02 5.346E+02 6.963E+02 8.784E+02 1.081E+03 1.303E+03 1.544E+03 1.804E+03 2.081E+03 2.379E+03 2.695E+03 3.028E+03 3.371E+03 
2.500E+01 9.550E+00 3.814E+01 8.515E+01 1.512E+02 2.357E+02 3.385E+02 4.596E+02 5.989E+02 7.561E+02 9.311E+02 1.124E+03 1.333E+03 1.560E+03 1.803E+03 2.065E+03 2.343E+03 2.637E+03 2.942E+03 
3.000E+01 8.393E+00 3.351E+01 7.497E+01 1.331E+02 2.077E+02 2.985E+02 4.054E+02 5.285E+02 6.675E+02 8.224E+02 9.932E+02 1.179E+03 1.381E+03 1.598E+03 1.831E+03 2.080E+03 2.344E+03 2.619E+03 
4.000E+01 6.822E+00 2.721E+01 6.118E+01 1.087E+02 1.698E+02 2.442E+02 3.318E+02 4.328E+02 5.469E+02 6.741E+02 8.146E+02 9.679E+02 1.134E+03 1.314E+03 1.507E+03 1.713E+03 1.932E+03 2.163E+03 
5.000E+01 5.804E+00 2.314E+01 5.221E+01 9.284E+01 1.450E+02 2.087E+02 2.837E+02 3.702E+02 4.680E+02 5.771E+02 6.975E+02 8.291E+02 9.720E+02 1.126E+03 1.292E+03 1.469E+03 1.658E+03 1.857E+03 
6.000E+01 5.088E+00 2.027E+01 4.587E+01 8.159E+01 1.275E+02 1.835E+02 2.496E+02 3.258E+02 4.120E+02 5.082E+02 6.143E+02 7.304E+02 8.566E+02 9.926E+02 1.139E+03 1.296E+03 1.462E+03 1.638E+03 
7.000E+01 4.557E+00 1.815E+01 4.114E+01 7.318E+01 1.144E+02 1.647E+02 2.241E+02 2.926E+02 3.700E+02 4.565E+02 5.520E+02 6.565E+02 7.700E+02 8.924E+02 1.024E+03 1.165E+03 1.315E+03 1.474E+03 
8.000E+01 4.146E+00 1.651E+01 3.746E+01 6.665E+01 1.042E+02 1.500E+02 2.042E+02 2.667E+02 3.374E+02 4.163E+02 5.035E+02 5.989E+02 7.025E+02 8.143E+02 9.345E+02 1.063E+03 1.200E+03 1.345E+03 
9.000E+01 3.818E+00 1.521E+01 3.452E+01 6.142E+01 9.602E+01 1.383E+02 1.883E+02 2.459E+02 3.112E+02 3.840E+02 4.645E+02 5.526E+02 6.483E+02 7.516E+02 8.627E+02 9.814E+02 1.108E+03 1.242E+03 
1.000E+02 3.551E+00 1.414E+01 3.211E+01 5.714E+01 8.933E+01 1.287E+02 1.752E+02 2.289E+02 2.896E+02 3.575E+02 4.325E+02 5.146E+02 6.038E+02 7.001E+02 8.036E+02 9.143E+02 1.032E+03 1.157E+03 
1.500E+02 2.713E+00 1.081E+01 2.454E+01 4.367E+01 6.829E+01 9.842E+01 1.341E+02 1.752E+02 2.218E+02 2.740E+02 3.316E+02 3.948E+02 4.634E+02 5.376E+02 6.172E+02 7.024E+02 7.932E+02 8.895E+02 
2.000E+02 2.270E+00 9.045E+00 2.054E+01 3.655E+01 5.717E+01 8.241E+01 1.123E+02 1.468E+02 1.859E+02 2.296E+02 2.780E+02 3.311E+02 3.888E+02 4.511E+02 5.181E+02 5.898E+02 6.661E+02 7.472E+02 
2.500E+02 1.996E+00 7.954E+00 1.807E+01 3.216E+01 5.031E+01 7.252E+01 9.881E+01 1.292E+02 1.636E+02 2.022E+02 2.449E+02 2.916E+02 3.425E+02 3.975E+02 4.567E+02 5.199E+02 5.873E+02 6.589E+02 
3.000E+02 1.810E+00 7.215E+00 1.640E+01 2.919E+01 4.566E+01 6.583E+01 8.970E+01 1.173E+02 1.486E+02 1.836E+02 2.224E+02 2.649E+02 3.112E+02 3.612E+02 4.150E+02 4.726E+02 5.339E+02 5.990E+02 
4.000E+02 1.576E+00 6.286E+00 1.431E+01 2.547E+01 3.984E+01 5.744E+01 7.828E+01 1.024E+02 1.297E+02 1.603E+02 1.942E+02 2.313E+02 2.718E+02 3.156E+02 3.626E+02 4.130E+02 4.667E+02 5.238E+02 
5.000E+02 1.437E+00 5.735E+00 1.307E+01 2.326E+01 3.640E+01 5.248E+01 7.152E+01 9.353E+01 1.185E+02 1.465E+02 1.775E+02 2.115E+02 2.485E+02 2.885E+02 3.315E+02 3.776E+02 4.268E+02 4.790E+02 
6.000E+02 1.347E+00 5.378E+00 1.227E+01 2.184E+01 3.416E+01 4.926E+01 6.714E+01 8.780E+01 1.113E+02 1.375E+02 1.666E+02 1.986E+02 2.333E+02 2.709E+02 3.114E+02 3.547E+02 4.009E+02 4.500E+02 
7.000E+02 1.286E+00 5.133E+00 1.171E+01 2.085E+01 3.263E+01 4.705E+01 6.412E+01 8.387E+01 1.063E+02 1.314E+02 1.592E+02 1.897E+02 2.229E+02 2.588E+02 2.975E+02 3.389E+02 3.831E+02 4.300E+02 
8.000E+02 1.242E+00 4.958E+00 1.132E+01 2.015E+01 3.152E+01 4.546E+01 6.196E+01 8.103E+01 1.027E+02 1.270E+02 1.538E+02 1.833E+02 2.154E+02 2.501E+02 2.875E+02 3.275E+02 3.702E+02 4.156E+02 
9.000E+02 1.209E+00 4.832E+00 1.102E+01 1.962E+01 3.070E+01 4.427E+01 6.034E+01 7.892E+01 1.000E+02 1.236E+02 1.498E+02 1.785E+02 2.098E+02 2.436E+02 2.801E+02 3.191E+02 3.607E+02 4.049E+02 
1.000E+03 1.185E+00 4.736E+00 1.079E+01 1.922E+01 3.007E+01 4.336E+01 5.909E+01 7.729E+01 9.795E+01 1.211E+02 1.467E+02 1.748E+02 2.055E+02 2.386E+02 2.743E+02 3.125E+02 3.533E+02 3.966E+02 
