* Stopping power tables calculated with libdEdx, version 1.2.1-svn0
* by user fredo on host fredo-ThinkPad-P52s.
* Date of this calculation: Fri Dec  3 10:14:46 2021
* Timestamp: 20211203_101446
* Target material id: 226
* Target material name: POLYSTYRENE
* Algorithm: DEDX_ICRU49 + DEDX_ICRU73 + DEDX_MSTAR for He-4 with E > 250 MeV
* Energy [MeV/nucleon] dE/dx [MeV cm2/g] for ions 1<=z<=18 
2.500E-02 8.326E+02 1.501E+03 2.541E+03 3.127E+03 3.591E+03 3.960E+03 4.304E+03 4.602E+03 4.840E+03 5.057E+03 5.234E+03 5.449E+03 5.647E+03 5.843E+03 6.072E+03 6.259E+03 6.496E+03 6.642E+03 
3.000E-02 8.787E+02 1.631E+03 2.772E+03 3.434E+03 3.966E+03 4.395E+03 4.787E+03 5.127E+03 5.401E+03 5.649E+03 5.850E+03 6.079E+03 6.293E+03 6.505E+03 6.750E+03 6.957E+03 7.208E+03 7.369E+03 
4.000E-02 9.392E+02 1.846E+03 3.148E+03 3.963E+03 4.629E+03 5.175E+03 5.659E+03 6.083E+03 6.429E+03 6.739E+03 6.992E+03 7.253E+03 7.503E+03 7.745E+03 8.021E+03 8.265E+03 8.540E+03 8.724E+03 
5.000E-02 9.690E+02 2.017E+03 3.426E+03 4.392E+03 5.192E+03 5.856E+03 6.433E+03 6.940E+03 7.356E+03 7.728E+03 8.036E+03 8.337E+03 8.623E+03 8.897E+03 9.205E+03 9.483E+03 9.782E+03 9.986E+03 
6.000E-02 9.780E+02 2.154E+03 3.623E+03 4.729E+03 5.661E+03 6.445E+03 7.122E+03 7.716E+03 8.203E+03 8.637E+03 8.999E+03 9.343E+03 9.666E+03 9.973E+03 1.031E+04 1.063E+04 1.095E+04 1.117E+04 
7.000E-02 9.728E+02 2.261E+03 3.759E+03 4.984E+03 6.041E+03 6.946E+03 7.727E+03 8.414E+03 8.977E+03 9.476E+03 9.896E+03 1.028E+04 1.064E+04 1.098E+04 1.135E+04 1.170E+04 1.205E+04 1.230E+04 
8.000E-02 9.584E+02 2.344E+03 3.849E+03 5.174E+03 6.342E+03 7.362E+03 8.249E+03 9.032E+03 9.679E+03 1.025E+04 1.073E+04 1.116E+04 1.157E+04 1.194E+04 1.234E+04 1.272E+04 1.309E+04 1.336E+04 
9.000E-02 9.383E+02 2.408E+03 3.907E+03 5.313E+03 6.577E+03 7.702E+03 8.691E+03 9.572E+03 1.030E+04 1.095E+04 1.150E+04 1.199E+04 1.243E+04 1.284E+04 1.328E+04 1.369E+04 1.409E+04 1.438E+04 
1.000E-01 9.149E+02 2.454E+03 3.942E+03 5.413E+03 6.759E+03 7.977E+03 9.061E+03 1.004E+04 1.085E+04 1.158E+04 1.221E+04 1.275E+04 1.325E+04 1.370E+04 1.417E+04 1.462E+04 1.504E+04 1.535E+04 
1.500E-01 7.896E+02 2.509E+03 3.940E+03 5.594E+03 7.191E+03 8.714E+03 1.014E+04 1.148E+04 1.266E+04 1.375E+04 1.475E+04 1.562E+04 1.642E+04 1.714E+04 1.787E+04 1.855E+04 1.917E+04 1.964E+04 
2.000E-01 6.854E+02 2.410E+03 3.827E+03 5.553E+03 7.263E+03 8.935E+03 1.055E+04 1.209E+04 1.350E+04 1.482E+04 1.608E+04 1.722E+04 1.829E+04 1.926E+04 2.025E+04 2.118E+04 2.204E+04 2.274E+04 
2.500E-01 6.057E+02 2.262E+03 3.688E+03 5.441E+03 7.208E+03 8.961E+03 1.068E+04 1.235E+04 1.388E+04 1.535E+04 1.680E+04 1.812E+04 1.937E+04 2.053E+04 2.171E+04 2.285E+04 2.391E+04 2.480E+04 
3.000E-01 5.439E+02 2.107E+03 3.546E+03 5.304E+03 7.100E+03 8.899E+03 1.068E+04 1.244E+04 1.405E+04 1.562E+04 1.718E+04 1.862E+04 2.001E+04 2.131E+04 2.264E+04 2.393E+04 2.514E+04 2.618E+04 
4.000E-01 4.652E+02 1.831E+03 3.276E+03 5.014E+03 6.825E+03 8.665E+03 1.051E+04 1.236E+04 1.408E+04 1.576E+04 1.746E+04 1.906E+04 2.063E+04 2.210E+04 2.363E+04 2.513E+04 2.654E+04 2.780E+04 
5.000E-01 4.091E+02 1.609E+03 3.037E+03 4.733E+03 6.532E+03 8.380E+03 1.026E+04 1.215E+04 1.392E+04 1.566E+04 1.744E+04 1.913E+04 2.080E+04 2.238E+04 2.404E+04 2.568E+04 2.722E+04 2.861E+04 
6.000E-01 3.632E+02 1.432E+03 2.827E+03 4.473E+03 6.246E+03 8.085E+03 9.969E+03 1.189E+04 1.368E+04 1.546E+04 1.729E+04 1.903E+04 2.076E+04 2.242E+04 2.416E+04 2.589E+04 2.753E+04 2.900E+04 
7.000E-01 3.281E+02 1.297E+03 2.642E+03 4.236E+03 5.974E+03 7.795E+03 9.674E+03 1.160E+04 1.341E+04 1.520E+04 1.706E+04 1.884E+04 2.061E+04 2.231E+04 2.412E+04 2.592E+04 2.762E+04 2.917E+04 
8.000E-01 3.000E+02 1.187E+03 2.479E+03 4.019E+03 5.720E+03 7.517E+03 9.383E+03 1.131E+04 1.312E+04 1.492E+04 1.680E+04 1.859E+04 2.040E+04 2.213E+04 2.398E+04 2.584E+04 2.759E+04 2.918E+04 
9.000E-01 2.770E+02 1.098E+03 2.335E+03 3.822E+03 5.483E+03 7.251E+03 9.099E+03 1.101E+04 1.282E+04 1.462E+04 1.651E+04 1.832E+04 2.015E+04 2.190E+04 2.379E+04 2.568E+04 2.747E+04 2.909E+04 
1.000E+00 2.575E+02 1.021E+03 2.206E+03 3.642E+03 5.263E+03 7.000E+03 8.826E+03 1.073E+04 1.253E+04 1.433E+04 1.622E+04 1.804E+04 1.987E+04 2.164E+04 2.355E+04 2.547E+04 2.729E+04 2.894E+04 
1.500E+00 1.936E+02 7.687E+02 1.728E+03 2.941E+03 4.366E+03 5.940E+03 7.635E+03 9.436E+03 1.116E+04 1.291E+04 1.477E+04 1.657E+04 1.841E+04 2.019E+04 2.215E+04 2.414E+04 2.601E+04 2.773E+04 
2.000E+00 1.570E+02 6.239E+02 1.422E+03 2.463E+03 3.719E+03 5.140E+03 6.699E+03 8.381E+03 1.002E+04 1.168E+04 1.348E+04 1.522E+04 1.702E+04 1.877E+04 2.071E+04 2.270E+04 2.458E+04 2.629E+04 
2.500E+00 1.331E+02 5.287E+02 1.210E+03 2.119E+03 3.236E+03 4.523E+03 5.955E+03 7.520E+03 9.063E+03 1.065E+04 1.236E+04 1.405E+04 1.579E+04 1.749E+04 1.939E+04 2.135E+04 2.320E+04 2.489E+04 
3.000E+00 1.160E+02 4.608E+02 1.055E+03 1.860E+03 2.863E+03 4.035E+03 5.353E+03 6.810E+03 8.264E+03 9.768E+03 1.140E+04 1.302E+04 1.470E+04 1.635E+04 1.820E+04 2.011E+04 2.192E+04 2.358E+04 
4.000E+00 9.301E+01 3.697E+02 8.447E+02 1.498E+03 2.328E+03 3.315E+03 4.446E+03 5.715E+03 7.010E+03 8.365E+03 9.853E+03 1.134E+04 1.290E+04 1.444E+04 1.617E+04 1.798E+04 1.970E+04 2.129E+04 
5.000E+00 7.815E+01 3.107E+02 7.079E+02 1.259E+03 1.964E+03 2.814E+03 3.799E+03 4.916E+03 6.077E+03 7.304E+03 8.658E+03 1.003E+04 1.147E+04 1.291E+04 1.453E+04 1.623E+04 1.786E+04 1.937E+04 
6.000E+00 6.768E+01 2.691E+02 6.118E+02 1.088E+03 1.702E+03 2.446E+03 3.316E+03 4.311E+03 5.359E+03 6.477E+03 7.716E+03 8.983E+03 1.032E+04 1.167E+04 1.318E+04 1.478E+04 1.632E+04 1.775E+04 
7.000E+00 5.988E+01 2.381E+02 5.404E+02 9.614E+02 1.504E+03 2.166E+03 2.944E+03 3.839E+03 4.792E+03 5.817E+03 6.955E+03 8.130E+03 9.377E+03 1.064E+04 1.206E+04 1.355E+04 1.501E+04 1.637E+04 
8.000E+00 5.381E+01 2.139E+02 4.851E+02 8.628E+02 1.350E+03 1.946E+03 2.649E+03 3.461E+03 4.334E+03 5.278E+03 6.330E+03 7.423E+03 8.588E+03 9.772E+03 1.110E+04 1.251E+04 1.389E+04 1.519E+04 
9.000E+00 4.896E+01 1.946E+02 4.410E+02 7.840E+02 1.227E+03 1.769E+03 2.410E+03 3.152E+03 3.958E+03 4.832E+03 5.809E+03 6.830E+03 7.921E+03 9.036E+03 1.029E+04 1.162E+04 1.293E+04 1.416E+04 
1.000E+01 4.498E+01 1.788E+02 4.049E+02 7.195E+02 1.126E+03 1.623E+03 2.213E+03 2.896E+03 3.643E+03 4.457E+03 5.367E+03 6.324E+03 7.350E+03 8.403E+03 9.583E+03 1.084E+04 1.208E+04 1.327E+04 
1.500E+01 3.237E+01 1.287E+02 2.911E+02 5.169E+02 8.075E+02 1.163E+03 1.586E+03 2.076E+03 2.623E+03 3.228E+03 3.904E+03 4.629E+03 5.413E+03 6.232E+03 7.142E+03 8.119E+03 9.105E+03 1.007E+04 
2.000E+01 2.561E+01 1.018E+02 2.302E+02 4.088E+02 6.383E+02 9.189E+02 1.251E+03 1.637E+03 2.070E+03 2.552E+03 3.090E+03 3.673E+03 4.305E+03 4.973E+03 5.711E+03 6.505E+03 7.318E+03 8.130E+03 
2.500E+01 2.135E+01 8.491E+01 1.919E+02 3.409E+02 5.322E+02 7.658E+02 1.042E+03 1.362E+03 1.723E+03 2.126E+03 2.574E+03 3.062E+03 3.593E+03 4.158E+03 4.777E+03 5.446E+03 6.136E+03 6.836E+03 
3.000E+01 1.841E+01 7.321E+01 1.655E+02 2.940E+02 4.590E+02 6.604E+02 8.985E+02 1.174E+03 1.485E+03 1.832E+03 2.218E+03 2.639E+03 3.098E+03 3.588E+03 4.123E+03 4.700E+03 5.301E+03 5.917E+03 
4.000E+01 1.459E+01 5.803E+01 1.312E+02 2.331E+02 3.640E+02 5.238E+02 7.125E+02 9.303E+02 1.177E+03 1.452E+03 1.757E+03 2.091E+03 2.454E+03 2.844E+03 3.268E+03 3.724E+03 4.204E+03 4.701E+03 
5.000E+01 1.220E+01 4.854E+01 1.097E+02 1.950E+02 3.046E+02 4.384E+02 5.964E+02 7.787E+02 9.850E+02 1.215E+03 1.470E+03 1.750E+03 2.053E+03 2.380E+03 2.734E+03 3.114E+03 3.516E+03 3.936E+03 
6.000E+01 1.056E+01 4.203E+01 9.498E+01 1.689E+02 2.638E+02 3.798E+02 5.167E+02 6.746E+02 8.534E+02 1.053E+03 1.274E+03 1.516E+03 1.779E+03 2.062E+03 2.368E+03 2.696E+03 3.044E+03 3.410E+03 
7.000E+01 9.365E+00 3.725E+01 8.422E+01 1.497E+02 2.339E+02 3.368E+02 4.584E+02 5.985E+02 7.572E+02 9.345E+02 1.130E+03 1.345E+03 1.578E+03 1.830E+03 2.101E+03 2.392E+03 2.700E+03 3.025E+03 
8.000E+01 8.449E+00 3.361E+01 7.598E+01 1.351E+02 2.111E+02 3.040E+02 4.137E+02 5.403E+02 6.837E+02 8.438E+02 1.021E+03 1.215E+03 1.425E+03 1.652E+03 1.897E+03 2.159E+03 2.438E+03 2.732E+03 
9.000E+01 7.725E+00 3.074E+01 6.948E+01 1.235E+02 1.931E+02 2.780E+02 3.784E+02 4.943E+02 6.255E+02 7.721E+02 9.340E+02 1.111E+03 1.304E+03 1.512E+03 1.736E+03 1.976E+03 2.231E+03 2.500E+03 
1.000E+02 7.138E+00 2.840E+01 6.421E+01 1.142E+02 1.784E+02 2.570E+02 3.498E+02 4.569E+02 5.783E+02 7.139E+02 8.637E+02 1.028E+03 1.206E+03 1.399E+03 1.606E+03 1.827E+03 2.063E+03 2.312E+03 
1.500E+02 5.329E+00 2.122E+01 4.796E+01 8.531E+01 1.334E+02 1.921E+02 2.616E+02 3.418E+02 4.327E+02 5.343E+02 6.466E+02 7.696E+02 9.034E+02 1.048E+03 1.203E+03 1.369E+03 1.546E+03 1.733E+03 
2.000E+02 4.395E+00 1.750E+01 3.958E+01 7.040E+01 1.101E+02 1.586E+02 2.160E+02 2.822E+02 3.573E+02 4.413E+02 5.342E+02 6.360E+02 7.467E+02 8.663E+02 9.948E+02 1.132E+03 1.279E+03 1.434E+03 
2.500E+02 3.826E+00 1.524E+01 3.446E+01 6.131E+01 9.586E+01 1.381E+02 1.881E+02 2.459E+02 3.113E+02 3.846E+02 4.656E+02 5.544E+02 6.510E+02 7.553E+02 8.675E+02 9.875E+02 1.115E+03 1.251E+03 
3.000E+02 3.443E+00 1.372E+01 3.103E+01 5.520E+01 8.631E+01 1.244E+02 1.694E+02 2.214E+02 2.804E+02 3.464E+02 4.194E+02 4.995E+02 5.866E+02 6.807E+02 7.818E+02 8.901E+02 1.005E+03 1.128E+03 
4.000E+02 2.965E+00 1.182E+01 2.674E+01 4.757E+01 7.439E+01 1.072E+02 1.460E+02 1.909E+02 2.418E+02 2.987E+02 3.617E+02 4.308E+02 5.060E+02 5.873E+02 6.746E+02 7.681E+02 8.678E+02 9.736E+02 
5.000E+02 2.682E+00 1.070E+01 2.420E+01 4.306E+01 6.733E+01 9.704E+01 1.322E+02 1.728E+02 2.189E+02 2.705E+02 3.276E+02 3.901E+02 4.583E+02 5.319E+02 6.111E+02 6.959E+02 7.862E+02 8.821E+02 
6.000E+02 2.498E+00 9.968E+00 2.255E+01 4.012E+01 6.275E+01 9.044E+01 1.232E+02 1.611E+02 2.040E+02 2.521E+02 3.053E+02 3.637E+02 4.272E+02 4.959E+02 5.698E+02 6.488E+02 7.331E+02 8.226E+02 
7.000E+02 2.371E+00 9.464E+00 2.141E+01 3.810E+01 5.959E+01 8.589E+01 1.170E+02 1.530E+02 1.938E+02 2.395E+02 2.900E+02 3.455E+02 4.058E+02 4.711E+02 5.413E+02 6.164E+02 6.965E+02 7.816E+02 
8.000E+02 2.278E+00 9.093E+00 2.060E+01 3.665E+01 5.732E+01 8.262E+01 1.126E+02 1.472E+02 1.864E+02 2.304E+02 2.790E+02 3.323E+02 3.904E+02 4.532E+02 5.208E+02 5.931E+02 6.702E+02 7.520E+02 
9.000E+02 2.207E+00 8.815E+00 1.999E+01 3.558E+01 5.564E+01 8.020E+01 1.093E+02 1.429E+02 1.810E+02 2.236E+02 2.709E+02 3.227E+02 3.790E+02 4.400E+02 5.056E+02 5.758E+02 6.507E+02 7.302E+02 
1.000E+03 2.153E+00 8.599E+00 1.953E+01 3.476E+01 5.436E+01 7.835E+01 1.068E+02 1.396E+02 1.768E+02 2.185E+02 2.646E+02 3.153E+02 3.704E+02 4.299E+02 4.940E+02 5.627E+02 6.358E+02 7.135E+02 
