* Stopping power tables calculated with libdEdx, version 1.2.1-svn0
* by user fredo on host fredo-ThinkPad-P52s.
* Date of this calculation: Tue Nov 17 13:53:24 2020
* Timestamp: 20201117_135324
* Target material id: 6
* Target material name: CARBON
* Algorithm: DEDX_PSTAR for z = 1 and DEDX_MSTAR for z > 1
* Energy [MeV/nucleon] dE/dx [MeV cm2/g] for ions 1<=z<=18 
2.500E-02 5.477E+02 1.259E+03 1.603E+03 2.121E+03 2.790E+03 3.483E+03 3.990E+03 4.169E+03 4.049E+03 3.850E+03 3.706E+03 3.642E+03 3.966E+03 4.523E+03 5.064E+03 5.365E+03 5.368E+03 5.276E+03 
3.000E-02 5.776E+02 1.346E+03 1.733E+03 2.296E+03 3.021E+03 3.776E+03 4.337E+03 4.553E+03 4.459E+03 4.295E+03 4.183E+03 4.120E+03 4.477E+03 5.079E+03 5.652E+03 5.958E+03 5.932E+03 5.792E+03 
4.000E-02 6.283E+02 1.487E+03 1.955E+03 2.593E+03 3.414E+03 4.275E+03 4.934E+03 5.226E+03 5.194E+03 5.117E+03 5.084E+03 5.025E+03 5.443E+03 6.126E+03 6.758E+03 7.071E+03 6.990E+03 6.760E+03 
5.000E-02 6.686E+02 1.595E+03 2.136E+03 2.839E+03 3.739E+03 4.691E+03 5.438E+03 5.805E+03 5.844E+03 5.866E+03 5.921E+03 5.871E+03 6.348E+03 7.103E+03 7.788E+03 8.107E+03 7.982E+03 7.672E+03 
6.000E-02 6.953E+02 1.680E+03 2.289E+03 3.047E+03 4.014E+03 5.044E+03 5.870E+03 6.312E+03 6.425E+03 6.552E+03 6.701E+03 6.664E+03 7.196E+03 8.018E+03 8.750E+03 9.080E+03 8.919E+03 8.541E+03 
7.000E-02 7.114E+02 1.745E+03 2.418E+03 3.225E+03 4.249E+03 5.347E+03 6.245E+03 6.758E+03 6.948E+03 7.183E+03 7.426E+03 7.405E+03 7.989E+03 8.873E+03 9.651E+03 9.994E+03 9.808E+03 9.374E+03 
8.000E-02 7.194E+02 1.796E+03 2.528E+03 3.378E+03 4.452E+03 5.609E+03 6.572E+03 7.153E+03 7.420E+03 7.762E+03 8.100E+03 8.095E+03 8.730E+03 9.671E+03 1.049E+04 1.085E+04 1.065E+04 1.017E+04 
9.000E-02 7.209E+02 1.834E+03 2.622E+03 3.511E+03 4.627E+03 5.836E+03 6.858E+03 7.505E+03 7.847E+03 8.295E+03 8.725E+03 8.738E+03 9.420E+03 1.042E+04 1.128E+04 1.166E+04 1.145E+04 1.093E+04 
1.000E-01 7.174E+02 1.862E+03 2.702E+03 3.625E+03 4.779E+03 6.034E+03 7.110E+03 7.818E+03 8.234E+03 8.784E+03 9.303E+03 9.336E+03 1.006E+04 1.111E+04 1.201E+04 1.241E+04 1.220E+04 1.166E+04 
1.500E-01 6.611E+02 1.906E+03 2.956E+03 4.008E+03 5.287E+03 6.702E+03 7.984E+03 8.950E+03 9.691E+03 1.069E+04 1.160E+04 1.174E+04 1.265E+04 1.391E+04 1.500E+04 1.552E+04 1.537E+04 1.483E+04 
2.000E-01 5.891E+02 1.866E+03 3.058E+03 4.194E+03 5.540E+03 7.042E+03 8.454E+03 9.606E+03 1.060E+04 1.194E+04 1.315E+04 1.338E+04 1.444E+04 1.586E+04 1.709E+04 1.777E+04 1.774E+04 1.730E+04 
2.500E-01 5.260E+02 1.795E+03 3.080E+03 4.274E+03 5.656E+03 7.204E+03 8.700E+03 9.987E+03 1.117E+04 1.276E+04 1.420E+04 1.452E+04 1.569E+04 1.722E+04 1.858E+04 1.939E+04 1.952E+04 1.922E+04 
3.000E-01 4.750E+02 1.707E+03 3.046E+03 4.277E+03 5.673E+03 7.241E+03 8.784E+03 1.016E+04 1.148E+04 1.326E+04 1.486E+04 1.525E+04 1.650E+04 1.812E+04 1.958E+04 2.051E+04 2.079E+04 2.065E+04 
4.000E-01 4.044E+02 1.528E+03 2.897E+03 4.163E+03 5.553E+03 7.111E+03 8.688E+03 1.017E+04 1.165E+04 1.364E+04 1.543E+04 1.594E+04 1.730E+04 1.901E+04 2.061E+04 2.174E+04 2.229E+04 2.245E+04 
5.000E-01 3.546E+02 1.372E+03 2.717E+03 3.993E+03 5.362E+03 6.889E+03 8.460E+03 9.980E+03 1.155E+04 1.364E+04 1.552E+04 1.612E+04 1.753E+04 1.930E+04 2.098E+04 2.226E+04 2.303E+04 2.345E+04 
6.000E-01 3.159E+02 1.242E+03 2.539E+03 3.809E+03 5.152E+03 6.642E+03 8.192E+03 9.723E+03 1.133E+04 1.346E+04 1.538E+04 1.605E+04 1.749E+04 1.928E+04 2.101E+04 2.240E+04 2.334E+04 2.397E+04 
7.000E-01 2.862E+02 1.133E+03 2.373E+03 3.627E+03 4.943E+03 6.395E+03 7.915E+03 9.441E+03 1.106E+04 1.319E+04 1.512E+04 1.584E+04 1.729E+04 1.909E+04 2.086E+04 2.233E+04 2.340E+04 2.420E+04 
8.000E-01 2.624E+02 1.041E+03 2.220E+03 3.453E+03 4.741E+03 6.155E+03 7.644E+03 9.153E+03 1.077E+04 1.288E+04 1.481E+04 1.557E+04 1.702E+04 1.882E+04 2.060E+04 2.213E+04 2.331E+04 2.424E+04 
9.000E-01 2.427E+02 9.638E+02 2.083E+03 3.290E+03 4.551E+03 5.929E+03 7.386E+03 8.875E+03 1.048E+04 1.256E+04 1.447E+04 1.526E+04 1.672E+04 1.850E+04 2.029E+04 2.186E+04 2.313E+04 2.417E+04 
1.000E+00 2.261E+02 8.982E+02 1.961E+03 3.141E+03 4.377E+03 5.723E+03 7.148E+03 8.616E+03 1.020E+04 1.225E+04 1.414E+04 1.496E+04 1.641E+04 1.818E+04 1.997E+04 2.158E+04 2.291E+04 2.404E+04 
1.500E+00 1.711E+02 6.804E+02 1.523E+03 2.562E+03 3.687E+03 4.905E+03 6.204E+03 7.565E+03 9.049E+03 1.092E+04 1.268E+04 1.359E+04 1.500E+04 1.670E+04 1.847E+04 2.015E+04 2.167E+04 2.307E+04 
2.000E+00 1.394E+02 5.544E+02 1.250E+03 2.158E+03 3.182E+03 4.299E+03 5.496E+03 6.761E+03 8.142E+03 9.849E+03 1.148E+04 1.243E+04 1.379E+04 1.542E+04 1.712E+04 1.880E+04 2.038E+04 2.188E+04 
2.500E+00 1.185E+02 4.712E+02 1.064E+03 1.863E+03 2.797E+03 3.827E+03 4.938E+03 6.119E+03 7.408E+03 8.975E+03 1.050E+04 1.146E+04 1.277E+04 1.432E+04 1.596E+04 1.760E+04 1.919E+04 2.072E+04 
3.000E+00 1.035E+02 4.116E+02 9.304E+02 1.641E+03 2.493E+03 3.448E+03 4.484E+03 5.591E+03 6.799E+03 8.249E+03 9.672E+03 1.064E+04 1.190E+04 1.337E+04 1.494E+04 1.654E+04 1.810E+04 1.964E+04 
4.000E+00 8.326E+01 3.311E+02 7.488E+02 1.328E+03 2.048E+03 2.875E+03 3.786E+03 4.770E+03 5.843E+03 7.103E+03 8.368E+03 9.311E+03 1.048E+04 1.183E+04 1.327E+04 1.476E+04 1.625E+04 1.773E+04 
5.000E+00 7.010E+01 2.788E+02 6.305E+02 1.120E+03 1.739E+03 2.465E+03 3.277E+03 4.160E+03 5.126E+03 6.243E+03 7.382E+03 8.291E+03 9.379E+03 1.062E+04 1.195E+04 1.334E+04 1.475E+04 1.615E+04 
6.000E+00 6.081E+01 2.418E+02 5.470E+02 9.722E+02 1.514E+03 2.159E+03 2.889E+03 3.691E+03 4.568E+03 5.574E+03 6.610E+03 7.482E+03 8.498E+03 9.646E+03 1.088E+04 1.218E+04 1.350E+04 1.483E+04 
7.000E+00 5.386E+01 2.142E+02 4.845E+02 8.613E+02 1.344E+03 1.923E+03 2.585E+03 3.318E+03 4.123E+03 5.037E+03 5.990E+03 6.823E+03 7.777E+03 8.847E+03 1.000E+04 1.121E+04 1.246E+04 1.372E+04 
8.000E+00 4.845E+01 1.927E+02 4.359E+02 7.749E+02 1.210E+03 1.735E+03 2.341E+03 3.016E+03 3.759E+03 4.598E+03 5.480E+03 6.275E+03 7.174E+03 8.176E+03 9.258E+03 1.040E+04 1.157E+04 1.277E+04 
9.000E+00 4.411E+01 1.754E+02 3.969E+02 7.056E+02 1.102E+03 1.583E+03 2.141E+03 2.766E+03 3.456E+03 4.233E+03 5.054E+03 5.814E+03 6.664E+03 7.607E+03 8.624E+03 9.699E+03 1.081E+04 1.194E+04 
1.000E+01 4.055E+01 1.612E+02 3.649E+02 6.486E+02 1.013E+03 1.457E+03 1.973E+03 2.555E+03 3.200E+03 3.923E+03 4.691E+03 5.417E+03 6.223E+03 7.114E+03 8.075E+03 9.092E+03 1.015E+04 1.122E+04 
1.500E+01 2.925E+01 1.163E+02 2.632E+02 4.680E+02 7.312E+02 1.053E+03 1.431E+03 1.864E+03 2.349E+03 2.889E+03 3.474E+03 4.063E+03 4.705E+03 5.405E+03 6.160E+03 6.962E+03 7.802E+03 8.666E+03 
2.000E+01 2.317E+01 9.214E+01 2.085E+02 3.708E+02 5.793E+02 8.342E+02 1.135E+03 1.481E+03 1.871E+03 2.305E+03 2.779E+03 3.273E+03 3.807E+03 4.386E+03 5.010E+03 5.674E+03 6.373E+03 7.096E+03 
2.500E+01 1.933E+01 7.690E+01 1.741E+02 3.094E+02 4.835E+02 6.962E+02 9.476E+02 1.237E+03 1.564E+03 1.929E+03 2.329E+03 2.754E+03 3.212E+03 3.708E+03 4.241E+03 4.810E+03 5.409E+03 6.033E+03 
3.000E+01 1.668E+01 6.634E+01 1.502E+02 2.670E+02 4.172E+02 6.007E+02 8.176E+02 1.068E+03 1.351E+03 1.667E+03 2.014E+03 2.386E+03 2.789E+03 3.223E+03 3.690E+03 4.189E+03 4.715E+03 5.265E+03 
4.000E+01 1.323E+01 5.263E+01 1.191E+02 2.118E+02 3.310E+02 4.766E+02 6.487E+02 8.473E+02 1.072E+03 1.323E+03 1.601E+03 1.901E+03 2.226E+03 2.577E+03 2.953E+03 3.355E+03 3.781E+03 4.229E+03 
5.000E+01 1.107E+01 4.406E+01 9.974E+01 1.773E+02 2.770E+02 3.990E+02 5.430E+02 7.092E+02 8.976E+02 1.108E+03 1.340E+03 1.594E+03 1.868E+03 2.164E+03 2.482E+03 2.821E+03 3.181E+03 3.561E+03 
6.000E+01 9.591E+00 3.816E+01 8.639E+01 1.536E+02 2.400E+02 3.455E+02 4.703E+02 6.143E+02 7.775E+02 9.598E+02 1.161E+03 1.381E+03 1.620E+03 1.877E+03 2.154E+03 2.449E+03 2.763E+03 3.094E+03 
7.000E+01 8.506E+00 3.384E+01 7.662E+01 1.362E+02 2.128E+02 3.065E+02 4.171E+02 5.448E+02 6.896E+02 8.513E+02 1.030E+03 1.225E+03 1.438E+03 1.667E+03 1.912E+03 2.175E+03 2.454E+03 2.749E+03 
8.000E+01 7.675E+00 3.054E+01 6.914E+01 1.229E+02 1.921E+02 2.766E+02 3.764E+02 4.917E+02 6.223E+02 7.682E+02 9.296E+02 1.106E+03 1.298E+03 1.505E+03 1.727E+03 1.964E+03 2.217E+03 2.484E+03 
9.000E+01 7.019E+00 2.793E+01 6.324E+01 1.124E+02 1.757E+02 2.529E+02 3.443E+02 4.497E+02 5.691E+02 7.026E+02 8.502E+02 1.012E+03 1.187E+03 1.376E+03 1.580E+03 1.797E+03 2.028E+03 2.273E+03 
1.000E+02 6.486E+00 2.581E+01 5.844E+01 1.039E+02 1.623E+02 2.338E+02 3.182E+02 4.156E+02 5.260E+02 6.494E+02 7.857E+02 9.350E+02 1.097E+03 1.272E+03 1.460E+03 1.661E+03 1.875E+03 2.102E+03 
1.500E+02 4.844E+00 1.928E+01 4.366E+01 7.762E+01 1.213E+02 1.746E+02 2.377E+02 3.105E+02 3.930E+02 4.851E+02 5.870E+02 6.986E+02 8.198E+02 9.508E+02 1.091E+03 1.242E+03 1.402E+03 1.571E+03 
2.000E+02 3.994E+00 1.590E+01 3.602E+01 6.403E+01 1.000E+02 1.441E+02 1.961E+02 2.561E+02 3.241E+02 4.002E+02 4.842E+02 5.763E+02 6.763E+02 7.843E+02 9.004E+02 1.024E+03 1.156E+03 1.296E+03 
2.500E+02 3.475E+00 1.384E+01 3.134E+01 5.572E+01 8.707E+01 1.254E+02 1.707E+02 2.229E+02 2.821E+02 3.483E+02 4.214E+02 5.015E+02 5.886E+02 6.826E+02 7.836E+02 8.916E+02 1.006E+03 1.128E+03 
3.000E+02 3.125E+00 1.245E+01 2.820E+01 5.013E+01 7.833E+01 1.128E+02 1.535E+02 2.005E+02 2.538E+02 3.133E+02 3.791E+02 4.512E+02 5.295E+02 6.141E+02 7.050E+02 8.021E+02 9.055E+02 1.015E+03 
4.000E+02 2.687E+00 1.071E+01 2.426E+01 4.313E+01 6.739E+01 9.704E+01 1.321E+02 1.725E+02 2.183E+02 2.696E+02 3.262E+02 3.882E+02 4.556E+02 5.283E+02 6.065E+02 6.901E+02 7.790E+02 8.734E+02 
5.000E+02 2.426E+00 9.677E+00 2.192E+01 3.896E+01 6.088E+01 8.766E+01 1.193E+02 1.558E+02 1.972E+02 2.435E+02 2.947E+02 3.507E+02 4.115E+02 4.773E+02 5.479E+02 6.234E+02 7.038E+02 7.890E+02 
6.000E+02 2.256E+00 9.000E+00 2.038E+01 3.624E+01 5.662E+01 8.153E+01 1.110E+02 1.449E+02 1.834E+02 2.265E+02 2.740E+02 3.261E+02 3.827E+02 4.439E+02 5.096E+02 5.798E+02 6.545E+02 7.338E+02 
7.000E+02 2.137E+00 8.529E+00 1.932E+01 3.434E+01 5.366E+01 7.727E+01 1.052E+02 1.374E+02 1.738E+02 2.146E+02 2.597E+02 3.091E+02 3.627E+02 4.207E+02 4.829E+02 5.494E+02 6.203E+02 6.954E+02 
8.000E+02 2.051E+00 8.186E+00 1.854E+01 3.296E+01 5.150E+01 7.416E+01 1.009E+02 1.318E+02 1.669E+02 2.060E+02 2.493E+02 2.966E+02 3.482E+02 4.038E+02 4.635E+02 5.274E+02 5.954E+02 6.675E+02 
9.000E+02 1.986E+00 7.932E+00 1.797E+01 3.194E+01 4.991E+01 7.186E+01 9.781E+01 1.278E+02 1.617E+02 1.996E+02 2.415E+02 2.875E+02 3.374E+02 3.913E+02 4.491E+02 5.110E+02 5.769E+02 6.468E+02 
1.000E+03 1.937E+00 7.735E+00 1.752E+01 3.115E+01 4.866E+01 7.008E+01 9.538E+01 1.246E+02 1.577E+02 1.947E+02 2.355E+02 2.803E+02 3.290E+02 3.815E+02 4.380E+02 4.983E+02 5.626E+02 6.307E+02 
