*custom stopping power table, derived by weighing the fraction of all individual elements (by weight)
2.50000e-02 6.40459e+02 1.27352e+03 1.62625e+03 2.15165e+03 2.83026e+03 3.53325e+03 4.04742e+03 4.22899e+03 4.10726e+03 3.90547e+03 3.75931e+03 3.69474e+03 4.02350e+03 4.58844e+03 5.13691e+03 5.44265e+03 5.44528e+03 5.35236e+03
3.00000e-02 6.77745e+02 1.37545e+03 1.77533e+03 2.35167e+03 3.09391e+03 3.86731e+03 4.44171e+03 4.66287e+03 4.56639e+03 4.39863e+03 4.28443e+03 4.21971e+03 4.58535e+03 5.20205e+03 5.78867e+03 6.10239e+03 6.07539e+03 5.93241e+03
4.00000e-02 7.36259e+02 1.54495e+03 2.03507e+03 2.69960e+03 3.55391e+03 4.45040e+03 5.13572e+03 5.43997e+03 5.40658e+03 5.32653e+03 5.29219e+03 5.23064e+03 5.66641e+03 6.37693e+03 7.03497e+03 7.36025e+03 7.27629e+03 7.03725e+03
5.00000e-02 7.78047e+02 1.68059e+03 2.25409e+03 2.99598e+03 3.94517e+03 4.94944e+03 5.73736e+03 6.12507e+03 6.16602e+03 6.18932e+03 6.24752e+03 6.19489e+03 6.69808e+03 7.49463e+03 8.21714e+03 8.55413e+03 8.42216e+03 8.09514e+03
6.00000e-02 8.03943e+02 1.79081e+03 2.44357e+03 3.25298e+03 4.28464e+03 5.38418e+03 6.26556e+03 6.73728e+03 6.85841e+03 6.99410e+03 7.15309e+03 7.11363e+03 7.68133e+03 8.55846e+03 9.34028e+03 9.69230e+03 9.52071e+03 9.11738e+03
7.00000e-02 8.17895e+02 1.87940e+03 2.60757e+03 3.47772e+03 4.58142e+03 5.76537e+03 6.73332e+03 7.28600e+03 7.49150e+03 7.74442e+03 8.00675e+03 7.98389e+03 8.61388e+03 9.56649e+03 1.04058e+04 1.07752e+04 1.05747e+04 1.01075e+04
8.00000e-02 8.22779e+02 1.95132e+03 2.75004e+03 3.67465e+03 4.84229e+03 6.10052e+03 7.14758e+03 7.77981e+03 8.07033e+03 8.44241e+03 8.80980e+03 8.80464e+03 9.49510e+03 1.05185e+04 1.14110e+04 1.18020e+04 1.15833e+04 1.10624e+04
9.00000e-02 8.20797e+02 2.00792e+03 2.87389e+03 3.84776e+03 5.07093e+03 6.39556e+03 7.51569e+03 8.22423e+03 8.59964e+03 9.09027e+03 9.56163e+03 9.57651e+03 1.03237e+04 1.14169e+04 1.23613e+04 1.27772e+04 1.25457e+04 1.19805e+04
1.00000e-01 8.13678e+02 2.05222e+03 2.98097e+03 3.99912e+03 5.27147e+03 6.65589e+03 7.84289e+03 8.62342e+03 9.08233e+03 9.68889e+03 1.02615e+04 1.02980e+04 1.10981e+04 1.22539e+04 1.32508e+04 1.36913e+04 1.34573e+04 1.28646e+04
1.50000e-01 7.40186e+02 2.14396e+03 3.32680e+03 4.51107e+03 5.95069e+03 7.54298e+03 8.98510e+03 1.00724e+04 1.09065e+04 1.20310e+04 1.30536e+04 1.32096e+04 1.42369e+04 1.56525e+04 1.68771e+04 1.74674e+04 1.72992e+04 1.66901e+04
2.00000e-01 6.54808e+02 2.11016e+03 3.45990e+03 4.74534e+03 6.26788e+03 7.96683e+03 9.56418e+03 1.08677e+04 1.19924e+04 1.35061e+04 1.48786e+04 1.51377e+04 1.63389e+04 1.79388e+04 1.93353e+04 2.01020e+04 2.00693e+04 1.95706e+04
2.50000e-01 5.81148e+02 2.02303e+03 3.47299e+03 4.81919e+03 6.37789e+03 8.12335e+03 9.81030e+03 1.12610e+04 1.25949e+04 1.43903e+04 1.60110e+04 1.63692e+04 1.76894e+04 1.94160e+04 2.09510e+04 2.18637e+04 2.20105e+04 2.16717e+04
3.00000e-01 5.22289e+02 1.91110e+03 3.41075e+03 4.78955e+03 6.35289e+03 8.10796e+03 9.83582e+03 1.13785e+04 1.28540e+04 1.48451e+04 1.66373e+04 1.70722e+04 1.84764e+04 2.02875e+04 2.19199e+04 2.29650e+04 2.32797e+04 2.31189e+04
4.00000e-01 4.40003e+02 1.68659e+03 3.19807e+03 4.59645e+03 6.13081e+03 7.85091e+03 9.59144e+03 1.12267e+04 1.28622e+04 1.50592e+04 1.70374e+04 1.75972e+04 1.90971e+04 2.09874e+04 2.27505e+04 2.40032e+04 2.46077e+04 2.47860e+04
5.00000e-01 3.83517e+02 1.49786e+03 2.96658e+03 4.35989e+03 5.85475e+03 7.52200e+03 9.23751e+03 1.08979e+04 1.26135e+04 1.48935e+04 1.69465e+04 1.76011e+04 1.91421e+04 2.10728e+04 2.29049e+04 2.43061e+04 2.51453e+04 2.56050e+04
6.00000e-01 3.41093e+02 1.34520e+03 2.75136e+03 4.12729e+03 5.58286e+03 7.19702e+03 8.87627e+03 1.05358e+04 1.22771e+04 1.45822e+04 1.66645e+04 1.73889e+04 1.89509e+04 2.08905e+04 2.27641e+04 2.42717e+04 2.52898e+04 2.59740e+04
7.00000e-01 3.08372e+02 1.22173e+03 2.55915e+03 3.91203e+03 5.33130e+03 6.89659e+03 8.53617e+03 1.01817e+04 1.19284e+04 1.42254e+04 1.63082e+04 1.70849e+04 1.86497e+04 2.05895e+04 2.24958e+04 2.40824e+04 2.52392e+04 2.60998e+04
8.00000e-01 2.82127e+02 1.11951e+03 2.38781e+03 3.71386e+03 5.09939e+03 6.61999e+03 8.22133e+03 9.84443e+03 1.15828e+04 1.38529e+04 1.59259e+04 1.67443e+04 1.83061e+04 2.02408e+04 2.21541e+04 2.37987e+04 2.50687e+04 2.60732e+04
9.00000e-01 2.60557e+02 1.03468e+03 2.23668e+03 3.53228e+03 4.88693e+03 6.36670e+03 7.93039e+03 9.52948e+03 1.12525e+04 1.34861e+04 1.55373e+04 1.63841e+04 1.79520e+04 1.98662e+04 2.17865e+04 2.34720e+04 2.48334e+04 2.59524e+04
1.00000e+00 2.42397e+02 9.63038e+02 2.10282e+03 3.36804e+03 4.69375e+03 6.13705e+03 7.66537e+03 9.23905e+03 1.09387e+04 1.31352e+04 1.51617e+04 1.60394e+04 1.75951e+04 1.94949e+04 2.14165e+04 2.31386e+04 2.45673e+04 2.57786e+04
1.50000e+00 1.82488e+02 7.25787e+02 1.62458e+03 2.73274e+03 3.93291e+03 5.23218e+03 6.61840e+03 8.07034e+03 9.65349e+03 1.16483e+04 1.35267e+04 1.44969e+04 1.60018e+04 1.78159e+04 1.97014e+04 2.14938e+04 2.31170e+04 2.46101e+04
2.00000e+00 1.48240e+02 5.89587e+02 1.32936e+03 2.29498e+03 3.38436e+03 4.57211e+03 5.84506e+03 7.19035e+03 8.65964e+03 1.04747e+04 1.22088e+04 1.32190e+04 1.46685e+04 1.63970e+04 1.82092e+04 1.99921e+04 2.16752e+04 2.32718e+04
2.50000e+00 1.25768e+02 5.00193e+02 1.12962e+03 1.97764e+03 2.96909e+03 4.06246e+03 5.24216e+03 6.49568e+03 7.86423e+03 9.52772e+03 1.11451e+04 1.21643e+04 1.35568e+04 1.51990e+04 1.69425e+04 1.86826e+04 2.03684e+04 2.19974e+04
3.00000e+00 1.09724e+02 4.36362e+02 9.86400e+02 1.73944e+03 2.64309e+03 3.65553e+03 4.75410e+03 5.92770e+03 7.20832e+03 8.74535e+03 1.02546e+04 1.12778e+04 1.26174e+04 1.41760e+04 1.58416e+04 1.75352e+04 1.91937e+04 2.08229e+04
4.00000e+00 8.81315e+01 3.50483e+02 7.92644e+02 1.40579e+03 2.16763e+03 3.04316e+03 4.00804e+03 5.04919e+03 6.18548e+03 7.51962e+03 8.85788e+03 9.85636e+03 1.10958e+04 1.25217e+04 1.40480e+04 1.56240e+04 1.72037e+04 1.87689e+04
5.00000e+00 7.41474e+01 2.94867e+02 6.66911e+02 1.18466e+03 1.83939e+03 2.60725e+03 3.46605e+03 4.40016e+03 5.42215e+03 6.60355e+03 7.80828e+03 8.76999e+03 9.92057e+03 1.12325e+04 1.26421e+04 1.41089e+04 1.55999e+04 1.70848e+04
6.00000e+00 6.42848e+01 2.55626e+02 5.78284e+02 1.02780e+03 1.60072e+03 2.28255e+03 3.05451e+03 3.90208e+03 4.82937e+03 5.89276e+03 6.98825e+03 7.90997e+03 8.98464e+03 1.01982e+04 1.15058e+04 1.28776e+04 1.42750e+04 1.56795e+04
7.00000e+00 5.69132e+01 2.26347e+02 5.12000e+02 9.10171e+02 1.42015e+03 2.03202e+03 2.73179e+03 3.50638e+03 4.35727e+03 5.32300e+03 6.33008e+03 7.21026e+03 8.21877e+03 9.34907e+03 1.05681e+04 1.18485e+04 1.31660e+04 1.44977e+04
8.00000e+00 5.11794e+01 2.03556e+02 4.60476e+02 8.18583e+02 1.27826e+03 1.83312e+03 2.47296e+03 3.18609e+03 3.97080e+03 4.85717e+03 5.78906e+03 6.62876e+03 7.57868e+03 8.63711e+03 9.78009e+03 1.09856e+04 1.22246e+04 1.34878e+04
9.00000e+00 4.65831e+01 1.85239e+02 4.19177e+02 7.45175e+02 1.16375e+03 1.67167e+03 2.26094e+03 2.92108e+03 3.64987e+03 4.47037e+03 5.33751e+03 6.13969e+03 7.03775e+03 8.03333e+03 9.10774e+03 1.02431e+04 1.14175e+04 1.26125e+04
1.00000e+01 4.28153e+01 1.70219e+02 3.85249e+02 6.84845e+02 1.06969e+03 1.53823e+03 2.08325e+03 2.69792e+03 3.37859e+03 4.14188e+03 4.95305e+03 5.71990e+03 6.57087e+03 7.51128e+03 8.52626e+03 9.60012e+03 1.07162e+04 1.18494e+04
1.50000e+01 3.08625e+01 1.22702e+02 2.77724e+02 4.93745e+02 7.71495e+02 1.11086e+03 1.50987e+03 1.96661e+03 2.47834e+03 3.04806e+03 3.66524e+03 4.28707e+03 4.96444e+03 5.70305e+03 6.49925e+03 7.34531e+03 8.23140e+03 9.14297e+03
2.00000e+01 2.44350e+01 9.71795e+01 2.19906e+02 3.91041e+02 6.10959e+02 8.79719e+02 1.19702e+03 1.56188e+03 1.97310e+03 2.43088e+03 2.93081e+03 3.45163e+03 4.01503e+03 4.62547e+03 5.28366e+03 5.98415e+03 6.72126e+03 7.48395e+03
2.50000e+01 2.03824e+01 8.10776e+01 1.83532e+02 3.26222e+02 5.09741e+02 7.33986e+02 9.99010e+02 1.30424e+03 1.64899e+03 2.03377e+03 2.45577e+03 2.90359e+03 3.38656e+03 3.90954e+03 4.47150e+03 5.07089e+03 5.70279e+03 6.36089e+03
3.00000e+01 1.75842e+01 6.99292e+01 1.58295e+02 2.81427e+02 4.39726e+02 6.33195e+02 8.61797e+02 1.12574e+03 1.42395e+03 1.75683e+03 2.12301e+03 2.51510e+03 2.93964e+03 3.39757e+03 3.88980e+03 4.41527e+03 4.96974e+03 5.54944e+03
4.00000e+01 1.39434e+01 5.54598e+01 1.25523e+02 2.23184e+02 3.48768e+02 5.02197e+02 6.83545e+02 8.92796e+02 1.12956e+03 1.39426e+03 1.68681e+03 2.00323e+03 2.34542e+03 2.71519e+03 3.11190e+03 3.53552e+03 3.98420e+03 4.45577e+03
5.00000e+01 1.16656e+01 4.64166e+01 1.05074e+02 1.86780e+02 2.91826e+02 4.20308e+02 5.72047e+02 7.47156e+02 9.45608e+02 1.16714e+03 1.41190e+03 1.67922e+03 1.96786e+03 2.27980e+03 2.61476e+03 2.97198e+03 3.35115e+03 3.75144e+03
6.00000e+01 1.01034e+01 4.01960e+01 9.09932e+01 1.61780e+02 2.52779e+02 3.63935e+02 4.95387e+02 6.47030e+02 8.18954e+02 1.01097e+03 1.22294e+03 1.45483e+03 1.70619e+03 1.97736e+03 2.26866e+03 2.57980e+03 2.91033e+03 3.25890e+03
7.00000e+01 8.95908e+00 3.56417e+01 8.06943e+01 1.43456e+02 2.24144e+02 3.22783e+02 4.39315e+02 5.73789e+02 7.26242e+02 8.96581e+02 1.08469e+03 1.29039e+03 1.51438e+03 1.75543e+03 2.01385e+03 2.29057e+03 2.58462e+03 2.89526e+03
8.00000e+01 8.08320e+00 3.21624e+01 7.28143e+01 1.29431e+02 2.02281e+02 2.91286e+02 3.96409e+02 5.17810e+02 6.55332e+02 8.08992e+02 9.78957e+02 1.16460e+03 1.36670e+03 1.58468e+03 1.81862e+03 2.06843e+03 2.33445e+03 2.61572e+03
9.00000e+01 7.39144e+00 2.94138e+01 6.65944e+01 1.18376e+02 1.84998e+02 2.66325e+02 3.62548e+02 4.73525e+02 5.99291e+02 7.39850e+02 8.95277e+02 1.06551e+03 1.24985e+03 1.44912e+03 1.66383e+03 1.89243e+03 2.13585e+03 2.39367e+03
1.00000e+02 6.83008e+00 2.71800e+01 6.15376e+01 1.09419e+02 1.70915e+02 2.46175e+02 3.35042e+02 4.37606e+02 5.53867e+02 6.83785e+02 8.27317e+02 9.84568e+02 1.15531e+03 1.33970e+03 1.53750e+03 1.74905e+03 1.97437e+03 2.21307e+03
1.50000e+02 5.10045e+00 2.03007e+01 4.59700e+01 8.17255e+01 1.27701e+02 1.83866e+02 2.50290e+02 3.26919e+02 4.13782e+02 5.10794e+02 6.18037e+02 7.35573e+02 8.63172e+02 1.00113e+03 1.14894e+03 1.30771e+03 1.47610e+03 1.65440e+03
2.00000e+02 4.20608e+00 1.67473e+01 3.79294e+01 6.74211e+01 1.05324e+02 1.51715e+02 2.06480e+02 2.69674e+02 3.41303e+02 4.21422e+02 5.09864e+02 6.06832e+02 7.12141e+02 8.25941e+02 9.48129e+02 1.07867e+03 1.21769e+03 1.36481e+03
2.50000e+02 3.66000e+00 1.45800e+01 3.30106e+01 5.86883e+01 9.17033e+01 1.32064e+02 1.79756e+02 2.34755e+02 2.97117e+02 3.66819e+02 4.43827e+02 5.28204e+02 6.19934e+02 7.18917e+02 8.25304e+02 9.39061e+02 1.05976e+03 1.18810e+03
3.00000e+02 3.29256e+00 1.31175e+01 2.97099e+01 5.28162e+01 8.25223e+01 1.18818e+02 1.61744e+02 2.11257e+02 2.67370e+02 3.30079e+02 3.99413e+02 4.75339e+02 5.57835e+02 6.46979e+02 7.42726e+02 8.45013e+02 9.53992e+02 1.06934e+03
4.00000e+02 2.83272e+00 1.12916e+01 2.55744e+01 4.54648e+01 7.10414e+01 1.02298e+02 1.39245e+02 1.81840e+02 2.30150e+02 2.84195e+02 3.43859e+02 4.09229e+02 4.80266e+02 5.56941e+02 6.39333e+02 7.27456e+02 8.21206e+02 9.20717e+02
5.00000e+02 2.55945e+00 1.02097e+01 2.31240e+01 4.11018e+01 6.42245e+01 9.24813e+01 1.25865e+02 1.64367e+02 2.08049e+02 2.56877e+02 3.10884e+02 3.69971e+02 4.34148e+02 5.03541e+02 5.78012e+02 6.57660e+02 7.42441e+02 8.32370e+02
6.00000e+02 2.38188e+00 9.50265e+00 2.15193e+01 3.82605e+01 5.97785e+01 8.60782e+01 1.17181e+02 1.53006e+02 1.93655e+02 2.39124e+02 2.89298e+02 3.44292e+02 4.04081e+02 4.68661e+02 5.38000e+02 6.12156e+02 6.91019e+02 7.74717e+02
7.00000e+02 2.25813e+00 9.01266e+00 2.04111e+01 3.62857e+01 5.66977e+01 8.16467e+01 1.11149e+02 1.45169e+02 1.83672e+02 2.26782e+02 2.74407e+02 3.26581e+02 3.83234e+02 4.44502e+02 5.10271e+02 5.80563e+02 6.55432e+02 7.34788e+02
8.00000e+02 2.16887e+00 8.65718e+00 1.96076e+01 3.48544e+01 5.44606e+01 7.84251e+01 1.06714e+02 1.39394e+02 1.76471e+02 2.17860e+02 2.63618e+02 3.13680e+02 3.68210e+02 4.27010e+02 4.90155e+02 5.57732e+02 6.29589e+02 7.05882e+02
9.00000e+02 2.10196e+00 8.39532e+00 1.90153e+01 3.38040e+01 5.28197e+01 7.60555e+01 1.03515e+02 1.35229e+02 1.71117e+02 2.11274e+02 2.55621e+02 3.04266e+02 3.57072e+02 4.14113e+02 4.75312e+02 5.40835e+02 6.10532e+02 6.84525e+02
1.00000e+03 2.05155e+00 8.19374e+00 1.85576e+01 3.29938e+01 5.15423e+01 7.42288e+01 1.01029e+02 1.31955e+02 1.67028e+02 2.06195e+02 2.49461e+02 2.96908e+02 3.48481e+02 4.04083e+02 4.63906e+02 5.27825e+02 5.95895e+02 6.68026e+02
