* Stopping power tables calculated with libdEdx, version 1.2.1-svn0
* by user fredo on host fredo-ThinkPad-P52s.
* Date of this calculation: Tue Nov 17 13:52:41 2020
* Timestamp: 20201117_135241
* Target material id: 226
* Target material name: POLYSTYRENE
* Algorithm: DEDX_PSTAR for z = 1 and DEDX_MSTAR for z > 1
* Energy [MeV/nucleon] dE/dx [MeV cm2/g] for ions 1<=z<=18 
2.500E-02 8.326E+02 1.501E+03 1.911E+03 2.530E+03 3.328E+03 4.155E+03 4.759E+03 4.972E+03 4.829E+03 4.591E+03 4.419E+03 4.344E+03 4.731E+03 5.395E+03 6.039E+03 6.399E+03 6.402E+03 6.292E+03 
3.000E-02 8.787E+02 1.631E+03 2.100E+03 2.782E+03 3.661E+03 4.575E+03 5.255E+03 5.517E+03 5.403E+03 5.204E+03 5.069E+03 4.992E+03 5.424E+03 6.154E+03 6.849E+03 7.219E+03 7.187E+03 7.018E+03 
4.000E-02 9.392E+02 1.846E+03 2.427E+03 3.220E+03 4.239E+03 5.309E+03 6.127E+03 6.490E+03 6.450E+03 6.354E+03 6.313E+03 6.239E+03 6.759E+03 7.607E+03 8.392E+03 8.780E+03 8.680E+03 8.395E+03 
5.000E-02 9.690E+02 2.017E+03 2.702E+03 3.591E+03 4.728E+03 5.932E+03 6.876E+03 7.341E+03 7.390E+03 7.417E+03 7.487E+03 7.424E+03 8.027E+03 8.982E+03 9.848E+03 1.025E+04 1.009E+04 9.701E+03 
6.000E-02 9.780E+02 2.153E+03 2.935E+03 3.907E+03 5.146E+03 6.467E+03 7.526E+03 8.092E+03 8.238E+03 8.400E+03 8.591E+03 8.543E+03 9.226E+03 1.028E+04 1.122E+04 1.164E+04 1.144E+04 1.095E+04 
7.000E-02 9.728E+02 2.261E+03 3.133E+03 4.179E+03 5.505E+03 6.927E+03 8.090E+03 8.755E+03 9.002E+03 9.306E+03 9.621E+03 9.593E+03 1.035E+04 1.149E+04 1.250E+04 1.295E+04 1.271E+04 1.214E+04 
8.000E-02 9.584E+02 2.344E+03 3.301E+03 4.411E+03 5.812E+03 7.323E+03 8.581E+03 9.340E+03 9.688E+03 1.013E+04 1.058E+04 1.057E+04 1.140E+04 1.263E+04 1.370E+04 1.417E+04 1.390E+04 1.328E+04 
9.000E-02 9.383E+02 2.408E+03 3.442E+03 4.609E+03 6.075E+03 7.663E+03 9.005E+03 9.853E+03 1.030E+04 1.089E+04 1.145E+04 1.147E+04 1.237E+04 1.367E+04 1.481E+04 1.531E+04 1.503E+04 1.436E+04 
1.000E-01 9.149E+02 2.454E+03 3.561E+03 4.778E+03 6.297E+03 7.951E+03 9.370E+03 1.030E+04 1.085E+04 1.158E+04 1.226E+04 1.230E+04 1.326E+04 1.464E+04 1.583E+04 1.636E+04 1.607E+04 1.537E+04 
1.500E-01 7.896E+02 2.509E+03 3.891E+03 5.276E+03 6.960E+03 8.823E+03 1.051E+04 1.178E+04 1.276E+04 1.407E+04 1.527E+04 1.545E+04 1.666E+04 1.831E+04 1.974E+04 2.044E+04 2.024E+04 1.952E+04 
2.000E-01 6.854E+02 2.410E+03 3.950E+03 5.417E+03 7.156E+03 9.095E+03 1.092E+04 1.241E+04 1.369E+04 1.542E+04 1.699E+04 1.728E+04 1.866E+04 2.048E+04 2.208E+04 2.295E+04 2.292E+04 2.234E+04 
2.500E-01 6.057E+02 2.262E+03 3.882E+03 5.387E+03 7.129E+03 9.081E+03 1.097E+04 1.259E+04 1.408E+04 1.609E+04 1.790E+04 1.830E+04 1.977E+04 2.170E+04 2.342E+04 2.444E+04 2.460E+04 2.422E+04 
3.000E-01 5.439E+02 2.108E+03 3.760E+03 5.280E+03 7.003E+03 8.938E+03 1.084E+04 1.255E+04 1.417E+04 1.637E+04 1.834E+04 1.882E+04 2.037E+04 2.236E+04 2.417E+04 2.532E+04 2.566E+04 2.549E+04 
4.000E-01 4.652E+02 1.832E+03 3.472E+03 4.990E+03 6.656E+03 8.523E+03 1.041E+04 1.219E+04 1.397E+04 1.635E+04 1.850E+04 1.911E+04 2.073E+04 2.279E+04 2.470E+04 2.606E+04 2.672E+04 2.691E+04 
5.000E-01 4.091E+02 1.609E+03 3.186E+03 4.682E+03 6.287E+03 8.078E+03 9.920E+03 1.170E+04 1.354E+04 1.599E+04 1.820E+04 1.890E+04 2.056E+04 2.263E+04 2.460E+04 2.610E+04 2.700E+04 2.749E+04 
6.000E-01 3.632E+02 1.433E+03 2.930E+03 4.396E+03 5.945E+03 7.664E+03 9.452E+03 1.122E+04 1.308E+04 1.553E+04 1.775E+04 1.852E+04 2.018E+04 2.224E+04 2.424E+04 2.585E+04 2.693E+04 2.766E+04 
7.000E-01 3.281E+02 1.297E+03 2.717E+03 4.153E+03 5.660E+03 7.321E+03 9.062E+03 1.081E+04 1.266E+04 1.510E+04 1.732E+04 1.814E+04 1.980E+04 2.186E+04 2.388E+04 2.556E+04 2.679E+04 2.771E+04 
8.000E-01 3.000E+02 1.188E+03 2.533E+03 3.939E+03 5.408E+03 7.021E+03 8.719E+03 1.044E+04 1.228E+04 1.469E+04 1.689E+04 1.775E+04 1.942E+04 2.146E+04 2.349E+04 2.524E+04 2.659E+04 2.765E+04 
9.000E-01 2.770E+02 1.098E+03 2.372E+03 3.746E+03 5.183E+03 6.752E+03 8.411E+03 1.011E+04 1.193E+04 1.430E+04 1.648E+04 1.738E+04 1.904E+04 2.107E+04 2.310E+04 2.490E+04 2.634E+04 2.752E+04 
1.000E+00 2.575E+02 1.021E+03 2.230E+03 3.571E+03 4.976E+03 6.506E+03 8.127E+03 9.795E+03 1.160E+04 1.393E+04 1.607E+04 1.700E+04 1.865E+04 2.067E+04 2.270E+04 2.453E+04 2.604E+04 2.733E+04 
1.500E+00 1.936E+02 7.687E+02 1.721E+03 2.894E+03 4.165E+03 5.541E+03 7.009E+03 8.546E+03 1.022E+04 1.234E+04 1.432E+04 1.535E+04 1.695E+04 1.887E+04 2.086E+04 2.276E+04 2.448E+04 2.606E+04 
2.000E+00 1.570E+02 6.239E+02 1.406E+03 2.428E+03 3.581E+03 4.838E+03 6.185E+03 7.608E+03 9.163E+03 1.108E+04 1.292E+04 1.399E+04 1.552E+04 1.735E+04 1.927E+04 2.115E+04 2.293E+04 2.462E+04 
2.500E+00 1.331E+02 5.287E+02 1.194E+03 2.091E+03 3.139E+03 4.295E+03 5.541E+03 6.866E+03 8.313E+03 1.007E+04 1.178E+04 1.286E+04 1.433E+04 1.607E+04 1.790E+04 1.975E+04 2.153E+04 2.325E+04 
3.000E+00 1.160E+02 4.609E+02 1.042E+03 1.837E+03 2.792E+03 3.861E+03 5.021E+03 6.261E+03 7.614E+03 9.237E+03 1.083E+04 1.191E+04 1.332E+04 1.497E+04 1.673E+04 1.852E+04 2.027E+04 2.199E+04 
4.000E+00 9.301E+01 3.697E+02 8.361E+02 1.483E+03 2.286E+03 3.210E+03 4.228E+03 5.326E+03 6.524E+03 7.932E+03 9.343E+03 1.040E+04 1.170E+04 1.321E+04 1.482E+04 1.648E+04 1.815E+04 1.980E+04 
5.000E+00 7.815E+01 3.107E+02 7.027E+02 1.248E+03 1.938E+03 2.747E+03 3.652E+03 4.636E+03 5.712E+03 6.958E+03 8.226E+03 9.240E+03 1.045E+04 1.183E+04 1.332E+04 1.487E+04 1.643E+04 1.800E+04 
6.000E+00 6.768E+01 2.691E+02 6.087E+02 1.082E+03 1.685E+03 2.403E+03 3.215E+03 4.107E+03 5.084E+03 6.202E+03 7.356E+03 8.326E+03 9.457E+03 1.073E+04 1.211E+04 1.355E+04 1.503E+04 1.651E+04 
7.000E+00 5.988E+01 2.381E+02 5.386E+02 9.574E+02 1.494E+03 2.137E+03 2.874E+03 3.688E+03 4.583E+03 5.599E+03 6.658E+03 7.584E+03 8.645E+03 9.834E+03 1.112E+04 1.246E+04 1.385E+04 1.525E+04 
8.000E+00 5.381E+01 2.140E+02 4.841E+02 8.606E+02 1.344E+03 1.927E+03 2.600E+03 3.349E+03 4.174E+03 5.107E+03 6.086E+03 6.969E+03 7.967E+03 9.081E+03 1.028E+04 1.155E+04 1.285E+04 1.418E+04 
9.000E+00 4.896E+01 1.947E+02 4.405E+02 7.831E+02 1.223E+03 1.757E+03 2.376E+03 3.069E+03 3.835E+03 4.697E+03 5.609E+03 6.451E+03 7.395E+03 8.441E+03 9.571E+03 1.076E+04 1.200E+04 1.326E+04 
1.000E+01 4.498E+01 1.788E+02 4.046E+02 7.193E+02 1.124E+03 1.616E+03 2.189E+03 2.834E+03 3.548E+03 4.350E+03 5.203E+03 6.008E+03 6.902E+03 7.890E+03 8.956E+03 1.008E+04 1.125E+04 1.245E+04 
1.500E+01 3.237E+01 1.287E+02 2.913E+02 5.179E+02 8.092E+02 1.165E+03 1.584E+03 2.063E+03 2.599E+03 3.197E+03 3.845E+03 4.497E+03 5.207E+03 5.982E+03 6.817E+03 7.704E+03 8.634E+03 9.590E+03 
2.000E+01 2.561E+01 1.018E+02 2.305E+02 4.098E+02 6.403E+02 9.219E+02 1.255E+03 1.637E+03 2.067E+03 2.548E+03 3.072E+03 3.617E+03 4.207E+03 4.848E+03 5.537E+03 6.271E+03 7.043E+03 7.843E+03 
2.500E+01 2.135E+01 8.491E+01 1.922E+02 3.417E+02 5.339E+02 7.688E+02 1.046E+03 1.366E+03 1.727E+03 2.130E+03 2.572E+03 3.041E+03 3.547E+03 4.095E+03 4.684E+03 5.311E+03 5.973E+03 6.662E+03 
3.000E+01 1.841E+01 7.321E+01 1.657E+02 2.946E+02 4.603E+02 6.629E+02 9.023E+02 1.178E+03 1.491E+03 1.839E+03 2.222E+03 2.634E+03 3.077E+03 3.557E+03 4.073E+03 4.622E+03 5.203E+03 5.810E+03 
4.000E+01 1.459E+01 5.803E+01 1.314E+02 2.335E+02 3.649E+02 5.255E+02 7.152E+02 9.341E+02 1.182E+03 1.459E+03 1.765E+03 2.096E+03 2.454E+03 2.841E+03 3.256E+03 3.699E+03 4.169E+03 4.662E+03 
5.000E+01 1.220E+01 4.854E+01 1.099E+02 1.954E+02 3.053E+02 4.396E+02 5.983E+02 7.815E+02 9.890E+02 1.221E+03 1.477E+03 1.756E+03 2.058E+03 2.384E+03 2.735E+03 3.109E+03 3.505E+03 3.923E+03 
6.000E+01 1.056E+01 4.203E+01 9.515E+01 1.691E+02 2.643E+02 3.806E+02 5.180E+02 6.766E+02 8.563E+02 1.057E+03 1.279E+03 1.521E+03 1.784E+03 2.068E+03 2.372E+03 2.698E+03 3.043E+03 3.408E+03 
7.000E+01 9.365E+00 3.726E+01 8.436E+01 1.500E+02 2.343E+02 3.374E+02 4.593E+02 5.999E+02 7.592E+02 9.373E+02 1.134E+03 1.349E+03 1.583E+03 1.835E+03 2.106E+03 2.395E+03 2.702E+03 3.027E+03 
8.000E+01 8.449E+00 3.362E+01 7.611E+01 1.353E+02 2.114E+02 3.044E+02 4.144E+02 5.412E+02 6.850E+02 8.457E+02 1.023E+03 1.218E+03 1.429E+03 1.656E+03 1.901E+03 2.162E+03 2.440E+03 2.734E+03 
9.000E+01 7.725E+00 3.074E+01 6.960E+01 1.237E+02 1.933E+02 2.784E+02 3.789E+02 4.949E+02 6.264E+02 7.733E+02 9.357E+02 1.113E+03 1.307E+03 1.515E+03 1.739E+03 1.978E+03 2.232E+03 2.502E+03 
1.000E+02 7.138E+00 2.840E+01 6.431E+01 1.143E+02 1.787E+02 2.573E+02 3.502E+02 4.573E+02 5.788E+02 7.146E+02 8.647E+02 1.029E+03 1.207E+03 1.400E+03 1.607E+03 1.828E+03 2.064E+03 2.313E+03 
1.500E+02 5.329E+00 2.122E+01 4.804E+01 8.540E+01 1.334E+02 1.922E+02 2.615E+02 3.416E+02 4.324E+02 5.338E+02 6.459E+02 7.686E+02 9.021E+02 1.046E+03 1.201E+03 1.366E+03 1.542E+03 1.729E+03 
2.000E+02 4.395E+00 1.750E+01 3.964E+01 7.047E+01 1.101E+02 1.585E+02 2.158E+02 2.819E+02 3.567E+02 4.404E+02 5.329E+02 6.342E+02 7.443E+02 8.632E+02 9.909E+02 1.127E+03 1.273E+03 1.427E+03 
2.500E+02 3.826E+00 1.524E+01 3.451E+01 6.136E+01 9.587E+01 1.380E+02 1.879E+02 2.454E+02 3.106E+02 3.835E+02 4.640E+02 5.522E+02 6.481E+02 7.516E+02 8.628E+02 9.817E+02 1.108E+03 1.242E+03 
3.000E+02 3.443E+00 1.372E+01 3.107E+01 5.523E+01 8.630E+01 1.243E+02 1.692E+02 2.209E+02 2.796E+02 3.452E+02 4.177E+02 4.971E+02 5.834E+02 6.766E+02 7.767E+02 8.837E+02 9.977E+02 1.118E+03 
4.000E+02 2.965E+00 1.182E+01 2.677E+01 4.759E+01 7.437E+01 1.071E+02 1.458E+02 1.904E+02 2.409E+02 2.975E+02 3.599E+02 4.283E+02 5.027E+02 5.830E+02 6.693E+02 7.615E+02 8.597E+02 9.638E+02 
5.000E+02 2.682E+00 1.070E+01 2.423E+01 4.307E+01 6.730E+01 9.691E+01 1.319E+02 1.723E+02 2.181E+02 2.692E+02 3.257E+02 3.877E+02 4.550E+02 5.276E+02 6.057E+02 6.892E+02 7.780E+02 8.722E+02 
6.000E+02 2.498E+00 9.968E+00 2.258E+01 4.013E+01 6.271E+01 9.030E+01 1.229E+02 1.605E+02 2.032E+02 2.508E+02 3.035E+02 3.612E+02 4.239E+02 4.916E+02 5.644E+02 6.421E+02 7.249E+02 8.127E+02 
7.000E+02 2.371E+00 9.464E+00 2.144E+01 3.811E+01 5.954E+01 8.574E+01 1.167E+02 1.524E+02 1.929E+02 2.382E+02 2.882E+02 3.430E+02 4.025E+02 4.668E+02 5.359E+02 6.097E+02 6.883E+02 7.717E+02 
8.000E+02 2.278E+00 9.093E+00 2.059E+01 3.661E+01 5.721E+01 8.238E+01 1.121E+02 1.465E+02 1.854E+02 2.288E+02 2.769E+02 3.295E+02 3.867E+02 4.485E+02 5.149E+02 5.858E+02 6.613E+02 7.414E+02 
9.000E+02 2.207E+00 8.815E+00 1.996E+01 3.549E+01 5.546E+01 7.986E+01 1.087E+02 1.420E+02 1.797E+02 2.218E+02 2.684E+02 3.194E+02 3.749E+02 4.348E+02 4.991E+02 5.679E+02 6.411E+02 7.187E+02 
1.000E+03 2.153E+00 8.599E+00 1.948E+01 3.462E+01 5.410E+01 7.790E+01 1.060E+02 1.385E+02 1.753E+02 2.164E+02 2.618E+02 3.116E+02 3.657E+02 4.241E+02 4.869E+02 5.540E+02 6.254E+02 7.011E+02 
