* Stopping power tables calculated with libdEdx, version 1.2.1-svn0
* by user fredo on host fredo-ThinkPad-P52s.
* Date of this calculation: Fri Dec  3 10:13:58 2021
* Timestamp: 20211203_101358
* Target material id: 223
* Target material name: PMMA
* Algorithm: DEDX_ICRU49 + DEDX_ICRU73 + DEDX_MSTAR for He-4 with E > 250 MeV
* Energy [MeV/nucleon] dE/dx [MeV cm2/g] for ions 1<=z<=18 
2.500E-02 7.432E+02 1.283E+03 2.534E+03 3.127E+03 3.592E+03 3.958E+03 4.294E+03 4.583E+03 4.813E+03 5.022E+03 5.194E+03 5.404E+03 5.596E+03 5.788E+03 6.009E+03 6.191E+03 6.421E+03 6.564E+03 
3.000E-02 7.858E+02 1.400E+03 2.757E+03 3.427E+03 3.963E+03 4.390E+03 4.776E+03 5.108E+03 5.373E+03 5.613E+03 5.808E+03 6.031E+03 6.240E+03 6.446E+03 6.682E+03 6.883E+03 7.126E+03 7.283E+03 
4.000E-02 8.505E+02 1.600E+03 3.121E+03 3.941E+03 4.610E+03 5.159E+03 5.641E+03 6.060E+03 6.399E+03 6.702E+03 6.949E+03 7.205E+03 7.447E+03 7.681E+03 7.945E+03 8.180E+03 8.445E+03 8.624E+03 
5.000E-02 8.945E+02 1.762E+03 3.391E+03 4.355E+03 5.155E+03 5.822E+03 6.401E+03 6.907E+03 7.321E+03 7.688E+03 7.992E+03 8.289E+03 8.566E+03 8.832E+03 9.126E+03 9.394E+03 9.680E+03 9.878E+03 
6.000E-02 9.201E+02 1.894E+03 3.587E+03 4.683E+03 5.609E+03 6.393E+03 7.071E+03 7.666E+03 8.155E+03 8.588E+03 8.951E+03 9.292E+03 9.609E+03 9.908E+03 1.023E+04 1.054E+04 1.085E+04 1.106E+04 
7.000E-02 9.319E+02 2.002E+03 3.725E+03 4.936E+03 5.981E+03 6.880E+03 7.659E+03 8.345E+03 8.912E+03 9.413E+03 9.836E+03 1.022E+04 1.058E+04 1.092E+04 1.128E+04 1.161E+04 1.195E+04 1.219E+04 
8.000E-02 9.337E+02 2.090E+03 3.820E+03 5.128E+03 6.280E+03 7.288E+03 8.167E+03 8.947E+03 9.594E+03 1.017E+04 1.065E+04 1.109E+04 1.150E+04 1.187E+04 1.226E+04 1.263E+04 1.300E+04 1.326E+04 
9.000E-02 9.280E+02 2.160E+03 3.884E+03 5.272E+03 6.518E+03 7.625E+03 8.602E+03 9.474E+03 1.020E+04 1.085E+04 1.141E+04 1.190E+04 1.235E+04 1.276E+04 1.319E+04 1.360E+04 1.399E+04 1.428E+04 
1.000E-01 9.168E+02 2.216E+03 3.924E+03 5.378E+03 6.705E+03 7.902E+03 8.969E+03 9.931E+03 1.074E+04 1.147E+04 1.210E+04 1.265E+04 1.315E+04 1.360E+04 1.407E+04 1.452E+04 1.494E+04 1.525E+04 
1.500E-01 8.232E+02 2.328E+03 3.937E+03 5.583E+03 7.168E+03 8.673E+03 1.008E+04 1.140E+04 1.256E+04 1.363E+04 1.461E+04 1.548E+04 1.627E+04 1.698E+04 1.770E+04 1.837E+04 1.898E+04 1.947E+04 
2.000E-01 7.224E+02 2.282E+03 3.829E+03 5.551E+03 7.256E+03 8.918E+03 1.051E+04 1.205E+04 1.343E+04 1.474E+04 1.599E+04 1.711E+04 1.817E+04 1.913E+04 2.009E+04 2.101E+04 2.185E+04 2.254E+04 
2.500E-01 6.340E+02 2.173E+03 3.690E+03 5.442E+03 7.206E+03 8.952E+03 1.066E+04 1.232E+04 1.385E+04 1.531E+04 1.674E+04 1.805E+04 1.929E+04 2.044E+04 2.160E+04 2.272E+04 2.376E+04 2.464E+04 
3.000E-01 5.628E+02 2.042E+03 3.547E+03 5.304E+03 7.097E+03 8.892E+03 1.067E+04 1.241E+04 1.403E+04 1.559E+04 1.714E+04 1.858E+04 1.997E+04 2.126E+04 2.257E+04 2.385E+04 2.504E+04 2.608E+04 
4.000E-01 4.634E+02 1.787E+03 3.276E+03 5.011E+03 6.819E+03 8.656E+03 1.050E+04 1.234E+04 1.406E+04 1.574E+04 1.744E+04 1.905E+04 2.061E+04 2.208E+04 2.360E+04 2.510E+04 2.650E+04 2.775E+04 
5.000E-01 4.002E+02 1.574E+03 3.035E+03 4.728E+03 6.523E+03 8.367E+03 1.024E+04 1.213E+04 1.390E+04 1.564E+04 1.742E+04 1.912E+04 2.078E+04 2.237E+04 2.402E+04 2.565E+04 2.719E+04 2.859E+04 
6.000E-01 3.561E+02 1.405E+03 2.824E+03 4.466E+03 6.234E+03 8.068E+03 9.947E+03 1.186E+04 1.365E+04 1.543E+04 1.726E+04 1.901E+04 2.074E+04 2.240E+04 2.414E+04 2.587E+04 2.750E+04 2.899E+04 
7.000E-01 3.219E+02 1.273E+03 2.639E+03 4.228E+03 5.961E+03 7.776E+03 9.649E+03 1.157E+04 1.337E+04 1.517E+04 1.703E+04 1.881E+04 2.059E+04 2.229E+04 2.409E+04 2.589E+04 2.759E+04 2.915E+04 
8.000E-01 2.945E+02 1.166E+03 2.476E+03 4.011E+03 5.706E+03 7.496E+03 9.355E+03 1.127E+04 1.308E+04 1.488E+04 1.676E+04 1.856E+04 2.037E+04 2.210E+04 2.395E+04 2.580E+04 2.755E+04 2.915E+04 
9.000E-01 2.720E+02 1.078E+03 2.331E+03 3.814E+03 5.468E+03 7.230E+03 9.070E+03 1.098E+04 1.278E+04 1.459E+04 1.647E+04 1.828E+04 2.011E+04 2.187E+04 2.375E+04 2.564E+04 2.742E+04 2.906E+04 
1.000E+00 2.530E+02 1.004E+03 2.202E+03 3.634E+03 5.248E+03 6.978E+03 8.796E+03 1.069E+04 1.249E+04 1.429E+04 1.618E+04 1.799E+04 1.983E+04 2.160E+04 2.351E+04 2.542E+04 2.724E+04 2.890E+04 
1.500E+00 1.904E+02 7.563E+02 1.725E+03 2.934E+03 4.352E+03 5.920E+03 7.607E+03 9.398E+03 1.112E+04 1.287E+04 1.473E+04 1.652E+04 1.836E+04 2.014E+04 2.209E+04 2.407E+04 2.594E+04 2.766E+04 
2.000E+00 1.545E+02 6.142E+02 1.420E+03 2.458E+03 3.709E+03 5.124E+03 6.675E+03 8.348E+03 9.983E+03 1.165E+04 1.344E+04 1.518E+04 1.697E+04 1.872E+04 2.066E+04 2.263E+04 2.451E+04 2.623E+04 
2.500E+00 1.310E+02 5.208E+02 1.208E+03 2.114E+03 3.228E+03 4.510E+03 5.936E+03 7.493E+03 9.035E+03 1.062E+04 1.233E+04 1.401E+04 1.575E+04 1.745E+04 1.934E+04 2.128E+04 2.314E+04 2.483E+04 
3.000E+00 1.143E+02 4.542E+02 1.054E+03 1.857E+03 2.857E+03 4.024E+03 5.338E+03 6.788E+03 8.241E+03 9.745E+03 1.138E+04 1.299E+04 1.467E+04 1.632E+04 1.816E+04 2.006E+04 2.187E+04 2.353E+04 
4.000E+00 9.173E+01 3.647E+02 8.438E+02 1.496E+03 2.324E+03 3.308E+03 4.436E+03 5.701E+03 6.995E+03 8.351E+03 9.835E+03 1.132E+04 1.287E+04 1.442E+04 1.614E+04 1.794E+04 1.966E+04 2.125E+04 
5.000E+00 7.714E+01 3.067E+02 7.073E+02 1.257E+03 1.961E+03 2.809E+03 3.792E+03 4.907E+03 6.067E+03 7.295E+03 8.647E+03 1.002E+04 1.146E+04 1.290E+04 1.451E+04 1.620E+04 1.783E+04 1.935E+04 
6.000E+00 6.686E+01 2.658E+02 6.114E+02 1.088E+03 1.700E+03 2.443E+03 3.312E+03 4.305E+03 5.353E+03 6.472E+03 7.709E+03 8.974E+03 1.031E+04 1.166E+04 1.317E+04 1.476E+04 1.630E+04 1.774E+04 
7.000E+00 5.918E+01 2.353E+02 5.401E+02 9.608E+02 1.503E+03 2.164E+03 2.941E+03 3.835E+03 4.789E+03 5.814E+03 6.952E+03 8.125E+03 9.371E+03 1.063E+04 1.205E+04 1.354E+04 1.500E+04 1.637E+04 
8.000E+00 5.321E+01 2.115E+02 4.850E+02 8.624E+02 1.349E+03 1.945E+03 2.647E+03 3.458E+03 4.333E+03 5.278E+03 6.329E+03 7.421E+03 8.585E+03 9.770E+03 1.110E+04 1.251E+04 1.389E+04 1.519E+04 
9.000E+00 4.843E+01 1.926E+02 4.409E+02 7.838E+02 1.226E+03 1.768E+03 2.409E+03 3.151E+03 3.957E+03 4.833E+03 5.808E+03 6.829E+03 7.920E+03 9.036E+03 1.029E+04 1.161E+04 1.292E+04 1.417E+04 
1.000E+01 4.450E+01 1.769E+02 4.048E+02 7.194E+02 1.125E+03 1.623E+03 2.212E+03 2.895E+03 3.643E+03 4.458E+03 5.368E+03 6.325E+03 7.350E+03 8.404E+03 9.584E+03 1.084E+04 1.208E+04 1.327E+04 
1.500E+01 3.206E+01 1.275E+02 2.911E+02 5.169E+02 8.075E+02 1.164E+03 1.586E+03 2.077E+03 2.624E+03 3.230E+03 3.907E+03 4.632E+03 5.416E+03 6.236E+03 7.148E+03 8.125E+03 9.114E+03 1.008E+04 
2.000E+01 2.538E+01 1.009E+02 2.302E+02 4.089E+02 6.384E+02 9.191E+02 1.252E+03 1.637E+03 2.071E+03 2.554E+03 3.092E+03 3.676E+03 4.309E+03 4.978E+03 5.717E+03 6.512E+03 7.327E+03 8.142E+03 
2.500E+01 2.117E+01 8.420E+01 1.920E+02 3.410E+02 5.323E+02 7.661E+02 1.043E+03 1.363E+03 1.724E+03 2.127E+03 2.576E+03 3.065E+03 3.596E+03 4.162E+03 4.783E+03 5.452E+03 6.145E+03 6.847E+03 
3.000E+01 1.826E+01 7.262E+01 1.655E+02 2.941E+02 4.592E+02 6.607E+02 8.989E+02 1.174E+03 1.486E+03 1.833E+03 2.220E+03 2.641E+03 3.100E+03 3.591E+03 4.128E+03 4.706E+03 5.309E+03 5.926E+03 
4.000E+01 1.448E+01 5.759E+01 1.312E+02 2.332E+02 3.641E+02 5.240E+02 7.128E+02 9.308E+02 1.177E+03 1.453E+03 1.758E+03 2.092E+03 2.456E+03 2.847E+03 3.271E+03 3.728E+03 4.209E+03 4.708E+03 
5.000E+01 1.212E+01 4.819E+01 1.098E+02 1.951E+02 3.048E+02 4.387E+02 5.968E+02 7.791E+02 9.856E+02 1.216E+03 1.471E+03 1.751E+03 2.055E+03 2.382E+03 2.737E+03 3.118E+03 3.520E+03 3.941E+03 
6.000E+01 1.049E+01 4.174E+01 9.504E+01 1.690E+02 2.640E+02 3.800E+02 5.170E+02 6.750E+02 8.540E+02 1.054E+03 1.275E+03 1.517E+03 1.780E+03 2.064E+03 2.370E+03 2.699E+03 3.048E+03 3.414E+03 
7.000E+01 9.302E+00 3.701E+01 8.427E+01 1.498E+02 2.341E+02 3.371E+02 4.587E+02 5.989E+02 7.578E+02 9.352E+02 1.131E+03 1.347E+03 1.580E+03 1.831E+03 2.103E+03 2.394E+03 2.703E+03 3.029E+03 
8.000E+01 8.393E+00 3.340E+01 7.604E+01 1.352E+02 2.113E+02 3.042E+02 4.140E+02 5.407E+02 6.841E+02 8.444E+02 1.022E+03 1.215E+03 1.426E+03 1.654E+03 1.899E+03 2.161E+03 2.440E+03 2.734E+03 
9.000E+01 7.675E+00 3.054E+01 6.953E+01 1.236E+02 1.932E+02 2.782E+02 3.787E+02 4.946E+02 6.259E+02 7.726E+02 9.348E+02 1.112E+03 1.305E+03 1.514E+03 1.738E+03 1.978E+03 2.233E+03 2.502E+03 
1.000E+02 7.093E+00 2.822E+01 6.425E+01 1.143E+02 1.786E+02 2.572E+02 3.501E+02 4.573E+02 5.787E+02 7.144E+02 8.644E+02 1.029E+03 1.207E+03 1.400E+03 1.607E+03 1.829E+03 2.065E+03 2.314E+03 
1.500E+02 5.298E+00 2.109E+01 4.800E+01 8.538E+01 1.335E+02 1.923E+02 2.618E+02 3.420E+02 4.330E+02 5.347E+02 6.472E+02 7.703E+02 9.042E+02 1.049E+03 1.204E+03 1.370E+03 1.547E+03 1.735E+03 
2.000E+02 4.371E+00 1.741E+01 3.961E+01 7.047E+01 1.102E+02 1.587E+02 2.162E+02 2.825E+02 3.577E+02 4.417E+02 5.347E+02 6.366E+02 7.474E+02 8.671E+02 9.958E+02 1.133E+03 1.280E+03 1.435E+03 
2.500E+02 3.805E+00 1.516E+01 3.450E+01 6.137E+01 9.595E+01 1.383E+02 1.883E+02 2.461E+02 3.116E+02 3.850E+02 4.661E+02 5.549E+02 6.516E+02 7.561E+02 8.684E+02 9.885E+02 1.116E+03 1.252E+03 
3.000E+02 3.425E+00 1.365E+01 3.106E+01 5.526E+01 8.640E+01 1.245E+02 1.696E+02 2.217E+02 2.807E+02 3.468E+02 4.199E+02 5.000E+02 5.872E+02 6.814E+02 7.826E+02 8.910E+02 1.006E+03 1.129E+03 
4.000E+02 2.950E+00 1.176E+01 2.677E+01 4.762E+01 7.447E+01 1.073E+02 1.462E+02 1.911E+02 2.420E+02 2.990E+02 3.621E+02 4.313E+02 5.065E+02 5.879E+02 6.754E+02 7.690E+02 8.687E+02 9.746E+02 
5.000E+02 2.669E+00 1.065E+01 2.422E+01 4.310E+01 6.741E+01 9.715E+01 1.323E+02 1.730E+02 2.191E+02 2.708E+02 3.279E+02 3.906E+02 4.588E+02 5.325E+02 6.118E+02 6.966E+02 7.871E+02 8.831E+02 
6.000E+02 2.486E+00 9.921E+00 2.257E+01 4.017E+01 6.282E+01 9.054E+01 1.233E+02 1.613E+02 2.043E+02 2.524E+02 3.057E+02 3.641E+02 4.277E+02 4.965E+02 5.704E+02 6.496E+02 7.340E+02 8.236E+02 
7.000E+02 2.360E+00 9.421E+00 2.144E+01 3.815E+01 5.966E+01 8.599E+01 1.171E+02 1.531E+02 1.940E+02 2.397E+02 2.904E+02 3.459E+02 4.063E+02 4.716E+02 5.419E+02 6.171E+02 6.973E+02 7.825E+02 
8.000E+02 2.269E+00 9.058E+00 2.062E+01 3.669E+01 5.739E+01 8.272E+01 1.127E+02 1.473E+02 1.866E+02 2.306E+02 2.793E+02 3.328E+02 3.909E+02 4.538E+02 5.214E+02 5.938E+02 6.710E+02 7.530E+02 
9.000E+02 2.199E+00 8.782E+00 2.002E+01 3.562E+01 5.571E+01 8.030E+01 1.094E+02 1.430E+02 1.812E+02 2.239E+02 2.712E+02 3.231E+02 3.795E+02 4.406E+02 5.063E+02 5.766E+02 6.515E+02 7.311E+02 
1.000E+03 2.145E+00 8.568E+00 1.956E+01 3.480E+01 5.443E+01 7.845E+01 1.069E+02 1.397E+02 1.770E+02 2.188E+02 2.650E+02 3.157E+02 3.708E+02 4.305E+02 4.947E+02 5.634E+02 6.366E+02 7.144E+02 
