* Stopping power tables calculated with libdEdx, version 1.2.1-svn0
* by user fredo on host fredo-ThinkPad-P52s.
* Date of this calculation: Fri Dec  3 10:14:05 2021
* Timestamp: 20211203_101405
* Target material id: 8
* Target material name: OXYGEN
* Algorithm: DEDX_ICRU49 + DEDX_ICRU73 + DEDX_MSTAR for He-4 with E > 250 MeV
* Energy [MeV/nucleon] dE/dx [MeV cm2/g] for ions 1<=z<=18 
2.500E-02 4.619E+02 9.365E+02 1.865E+03 2.293E+03 2.624E+03 2.883E+03 3.103E+03 3.292E+03 3.458E+03 3.612E+03 3.734E+03 3.869E+03 3.995E+03 4.121E+03 4.248E+03 4.365E+03 4.501E+03 4.604E+03 
3.000E-02 4.950E+02 1.017E+03 2.032E+03 2.519E+03 2.903E+03 3.210E+03 3.469E+03 3.690E+03 3.881E+03 4.056E+03 4.194E+03 4.340E+03 4.477E+03 4.612E+03 4.749E+03 4.877E+03 5.022E+03 5.133E+03 
4.000E-02 5.470E+02 1.156E+03 2.312E+03 2.909E+03 3.393E+03 3.792E+03 4.130E+03 4.419E+03 4.667E+03 4.889E+03 5.066E+03 5.238E+03 5.398E+03 5.552E+03 5.704E+03 5.853E+03 6.013E+03 6.139E+03 
5.000E-02 5.844E+02 1.272E+03 2.534E+03 3.236E+03 3.813E+03 4.300E+03 4.714E+03 5.072E+03 5.381E+03 5.655E+03 5.876E+03 6.083E+03 6.269E+03 6.446E+03 6.618E+03 6.788E+03 6.964E+03 7.102E+03 
6.000E-02 6.106E+02 1.370E+03 2.709E+03 3.509E+03 4.176E+03 4.747E+03 5.236E+03 5.662E+03 6.030E+03 6.357E+03 6.626E+03 6.872E+03 7.090E+03 7.295E+03 7.493E+03 7.688E+03 7.882E+03 8.034E+03 
7.000E-02 6.280E+02 1.454E+03 2.843E+03 3.735E+03 4.490E+03 5.143E+03 5.704E+03 6.198E+03 6.623E+03 7.003E+03 7.321E+03 7.608E+03 7.864E+03 8.100E+03 8.327E+03 8.549E+03 8.766E+03 8.934E+03 
8.000E-02 6.383E+02 1.526E+03 2.944E+03 3.918E+03 4.757E+03 5.490E+03 6.124E+03 6.684E+03 7.168E+03 7.601E+03 7.967E+03 8.296E+03 8.591E+03 8.860E+03 9.118E+03 9.370E+03 9.610E+03 9.799E+03 
9.000E-02 6.430E+02 1.587E+03 3.019E+03 4.065E+03 4.982E+03 5.792E+03 6.497E+03 7.124E+03 7.666E+03 8.152E+03 8.569E+03 8.939E+03 9.273E+03 9.576E+03 9.867E+03 1.015E+04 1.042E+04 1.063E+04 
1.000E-01 6.433E+02 1.639E+03 3.072E+03 4.180E+03 5.169E+03 6.051E+03 6.827E+03 7.520E+03 8.121E+03 8.661E+03 9.128E+03 9.541E+03 9.915E+03 1.025E+04 1.058E+04 1.089E+04 1.118E+04 1.142E+04 
1.500E-01 6.067E+02 1.792E+03 3.153E+03 4.458E+03 5.696E+03 6.861E+03 7.932E+03 8.922E+03 9.803E+03 1.061E+04 1.133E+04 1.198E+04 1.256E+04 1.309E+04 1.359E+04 1.407E+04 1.452E+04 1.488E+04 
2.000E-01 5.491E+02 1.820E+03 3.100E+03 4.489E+03 5.853E+03 7.178E+03 8.439E+03 9.637E+03 1.073E+04 1.175E+04 1.271E+04 1.357E+04 1.437E+04 1.509E+04 1.579E+04 1.646E+04 1.707E+04 1.759E+04 
2.500E-01 4.946E+02 1.777E+03 3.007E+03 4.433E+03 5.861E+03 7.275E+03 8.650E+03 9.981E+03 1.121E+04 1.239E+04 1.352E+04 1.455E+04 1.552E+04 1.642E+04 1.730E+04 1.815E+04 1.893E+04 1.961E+04 
3.000E-01 4.497E+02 1.692E+03 2.904E+03 4.342E+03 5.805E+03 7.270E+03 8.715E+03 1.013E+04 1.146E+04 1.274E+04 1.398E+04 1.514E+04 1.625E+04 1.729E+04 1.831E+04 1.931E+04 2.023E+04 2.106E+04 
4.000E-01 3.831E+02 1.497E+03 2.702E+03 4.132E+03 5.618E+03 7.133E+03 8.653E+03 1.017E+04 1.160E+04 1.300E+04 1.439E+04 1.571E+04 1.699E+04 1.821E+04 1.944E+04 2.064E+04 2.178E+04 2.282E+04 
5.000E-01 3.363E+02 1.329E+03 2.517E+03 3.919E+03 5.403E+03 6.932E+03 8.486E+03 1.005E+04 1.154E+04 1.300E+04 1.447E+04 1.588E+04 1.726E+04 1.858E+04 1.994E+04 2.128E+04 2.256E+04 2.373E+04 
6.000E-01 3.011E+02 1.194E+03 2.353E+03 3.719E+03 5.187E+03 6.714E+03 8.281E+03 9.869E+03 1.138E+04 1.288E+04 1.440E+04 1.586E+04 1.731E+04 1.870E+04 2.015E+04 2.158E+04 2.295E+04 2.421E+04 
7.000E-01 2.732E+02 1.085E+03 2.207E+03 3.534E+03 4.978E+03 6.495E+03 8.063E+03 9.663E+03 1.119E+04 1.271E+04 1.426E+04 1.575E+04 1.724E+04 1.868E+04 2.019E+04 2.168E+04 2.312E+04 2.444E+04 
8.000E-01 2.505E+02 9.958E+02 2.077E+03 3.364E+03 4.781E+03 6.282E+03 7.843E+03 9.446E+03 1.098E+04 1.251E+04 1.408E+04 1.559E+04 1.711E+04 1.858E+04 2.013E+04 2.167E+04 2.316E+04 2.453E+04 
9.000E-01 2.319E+02 9.223E+02 1.962E+03 3.207E+03 4.595E+03 6.076E+03 7.627E+03 9.227E+03 1.076E+04 1.230E+04 1.388E+04 1.540E+04 1.694E+04 1.843E+04 2.001E+04 2.159E+04 2.311E+04 2.452E+04 
1.000E+00 2.161E+02 8.602E+02 1.858E+03 3.064E+03 4.421E+03 5.880E+03 7.417E+03 9.009E+03 1.054E+04 1.208E+04 1.366E+04 1.519E+04 1.674E+04 1.824E+04 1.985E+04 2.146E+04 2.301E+04 2.444E+04 
1.500E+00 1.636E+02 6.519E+02 1.468E+03 2.497E+03 3.704E+03 5.040E+03 6.482E+03 8.006E+03 9.490E+03 1.099E+04 1.256E+04 1.409E+04 1.564E+04 1.717E+04 1.883E+04 2.051E+04 2.212E+04 2.361E+04 
2.000E+00 1.334E+02 5.313E+02 1.215E+03 2.105E+03 3.177E+03 4.392E+03 5.729E+03 7.164E+03 8.580E+03 1.002E+04 1.155E+04 1.304E+04 1.457E+04 1.607E+04 1.773E+04 1.942E+04 2.104E+04 2.254E+04 
2.500E+00 1.135E+02 4.520E+02 1.038E+03 1.819E+03 2.778E+03 3.885E+03 5.121E+03 6.467E+03 7.808E+03 9.187E+03 1.066E+04 1.210E+04 1.359E+04 1.506E+04 1.670E+04 1.837E+04 1.998E+04 2.146E+04 
3.000E+00 9.929E+01 3.952E+02 9.083E+02 1.602E+03 2.467E+03 3.479E+03 4.623E+03 5.883E+03 7.152E+03 8.466E+03 9.877E+03 1.127E+04 1.272E+04 1.415E+04 1.575E+04 1.739E+04 1.897E+04 2.043E+04 
4.000E+00 8.006E+01 3.186E+02 7.302E+02 1.296E+03 2.016E+03 2.874E+03 3.862E+03 4.969E+03 6.106E+03 7.298E+03 8.591E+03 9.882E+03 1.123E+04 1.258E+04 1.410E+04 1.566E+04 1.718E+04 1.858E+04 
5.000E+00 6.757E+01 2.688E+02 6.139E+02 1.092E+03 1.706E+03 2.448E+03 3.312E+03 4.292E+03 5.316E+03 6.400E+03 7.584E+03 8.780E+03 1.004E+04 1.130E+04 1.273E+04 1.421E+04 1.566E+04 1.700E+04 
6.000E+00 5.872E+01 2.336E+02 5.318E+02 9.469E+02 1.482E+03 2.134E+03 2.899E+03 3.775E+03 4.702E+03 5.692E+03 6.780E+03 7.890E+03 9.066E+03 1.025E+04 1.159E+04 1.299E+04 1.437E+04 1.564E+04 
7.000E+00 5.208E+01 2.072E+02 4.706E+02 8.378E+02 1.312E+03 1.893E+03 2.578E+03 3.367E+03 4.213E+03 5.122E+03 6.126E+03 7.158E+03 8.257E+03 9.372E+03 1.063E+04 1.195E+04 1.326E+04 1.447E+04 
8.000E+00 4.690E+01 1.866E+02 4.232E+02 7.530E+02 1.180E+03 1.703E+03 2.323E+03 3.040E+03 3.815E+03 4.655E+03 5.584E+03 6.548E+03 7.577E+03 8.626E+03 9.812E+03 1.106E+04 1.230E+04 1.346E+04 
9.000E+00 4.274E+01 1.701E+02 3.852E+02 6.851E+02 1.073E+03 1.550E+03 2.115E+03 2.772E+03 3.487E+03 4.266E+03 5.130E+03 6.032E+03 6.998E+03 7.989E+03 9.106E+03 1.029E+04 1.147E+04 1.258E+04 
1.000E+01 3.932E+01 1.564E+02 3.540E+02 6.295E+02 9.855E+02 1.423E+03 1.944E+03 2.549E+03 3.212E+03 3.937E+03 4.744E+03 5.591E+03 6.501E+03 7.437E+03 8.493E+03 9.614E+03 1.073E+04 1.180E+04 
1.500E+01 2.845E+01 1.131E+02 2.556E+02 4.539E+02 7.094E+02 1.023E+03 1.396E+03 1.831E+03 2.317E+03 2.855E+03 3.457E+03 4.102E+03 4.800E+03 5.531E+03 6.350E+03 7.228E+03 8.119E+03 8.987E+03 
2.000E+01 2.257E+01 8.979E+01 2.026E+02 3.599E+02 5.620E+02 8.094E+02 1.103E+03 1.445E+03 1.829E+03 2.258E+03 2.737E+03 3.256E+03 3.820E+03 4.417E+03 5.081E+03 5.796E+03 6.531E+03 7.262E+03 
2.500E+01 1.886E+01 7.502E+01 1.692E+02 3.006E+02 4.694E+02 6.756E+02 9.199E+02 1.203E+03 1.524E+03 1.881E+03 2.280E+03 2.715E+03 3.188E+03 3.692E+03 4.250E+03 4.852E+03 5.476E+03 6.105E+03 
3.000E+01 1.629E+01 6.479E+01 1.461E+02 2.596E+02 4.054E+02 5.834E+02 7.939E+02 1.038E+03 1.314E+03 1.622E+03 1.965E+03 2.340E+03 2.748E+03 3.186E+03 3.667E+03 4.186E+03 4.728E+03 5.281E+03 
4.000E+01 1.294E+01 5.146E+01 1.161E+02 2.063E+02 3.221E+02 4.635E+02 6.306E+02 8.236E+02 1.042E+03 1.286E+03 1.557E+03 1.854E+03 2.178E+03 2.526E+03 2.905E+03 3.315E+03 3.746E+03 4.192E+03 
5.000E+01 1.084E+01 4.311E+01 9.723E+01 1.728E+02 2.699E+02 3.886E+02 5.286E+02 6.902E+02 8.733E+02 1.078E+03 1.304E+03 1.553E+03 1.823E+03 2.114E+03 2.430E+03 2.771E+03 3.131E+03 3.507E+03 
6.000E+01 9.393E+00 3.737E+01 8.427E+01 1.498E+02 2.340E+02 3.369E+02 4.585E+02 5.986E+02 7.574E+02 9.347E+02 1.131E+03 1.346E+03 1.580E+03 1.832E+03 2.105E+03 2.399E+03 2.710E+03 3.037E+03 
7.000E+01 8.335E+00 3.317E+01 7.478E+01 1.330E+02 2.077E+02 2.991E+02 4.071E+02 5.315E+02 6.725E+02 8.301E+02 1.004E+03 1.197E+03 1.403E+03 1.627E+03 1.868E+03 2.128E+03 2.404E+03 2.694E+03 
8.000E+01 7.525E+00 2.994E+01 6.752E+01 1.201E+02 1.876E+02 2.702E+02 3.677E+02 4.802E+02 6.076E+02 7.500E+02 9.074E+02 1.080E+03 1.267E+03 1.470E+03 1.688E+03 1.922E+03 2.170E+03 2.433E+03 
9.000E+01 6.884E+00 2.740E+01 6.178E+01 1.099E+02 1.717E+02 2.473E+02 3.366E+02 4.396E+02 5.563E+02 6.866E+02 8.308E+02 9.886E+02 1.160E+03 1.346E+03 1.545E+03 1.759E+03 1.986E+03 2.227E+03 
1.000E+02 6.365E+00 2.533E+01 5.712E+01 1.016E+02 1.588E+02 2.287E+02 3.113E+02 4.066E+02 5.146E+02 6.352E+02 7.686E+02 9.146E+02 1.073E+03 1.245E+03 1.429E+03 1.627E+03 1.837E+03 2.060E+03 
1.500E+02 4.761E+00 1.895E+01 4.276E+01 7.605E+01 1.189E+02 1.713E+02 2.332E+02 3.047E+02 3.857E+02 4.763E+02 5.765E+02 6.862E+02 8.055E+02 9.344E+02 1.073E+03 1.221E+03 1.379E+03 1.546E+03 
2.000E+02 3.932E+00 1.566E+01 3.532E+01 6.284E+01 9.825E+01 1.416E+02 1.928E+02 2.519E+02 3.190E+02 3.940E+02 4.769E+02 5.678E+02 6.667E+02 7.735E+02 8.883E+02 1.011E+03 1.142E+03 1.281E+03 
2.500E+02 3.425E+00 1.365E+01 3.079E+01 5.477E+01 8.564E+01 1.234E+02 1.681E+02 2.197E+02 2.782E+02 3.437E+02 4.161E+02 4.954E+02 5.817E+02 6.750E+02 7.753E+02 8.826E+02 9.968E+02 1.118E+03 
3.000E+02 3.085E+00 1.229E+01 2.774E+01 4.935E+01 7.717E+01 1.112E+02 1.515E+02 1.980E+02 2.508E+02 3.098E+02 3.751E+02 4.467E+02 5.246E+02 6.088E+02 6.993E+02 7.961E+02 8.992E+02 1.009E+03 
4.000E+02 2.659E+00 1.060E+01 2.393E+01 4.258E+01 6.659E+01 9.596E+01 1.307E+02 1.709E+02 2.164E+02 2.674E+02 3.239E+02 3.857E+02 4.530E+02 5.258E+02 6.041E+02 6.878E+02 7.770E+02 8.718E+02 
5.000E+02 2.407E+00 9.602E+00 2.168E+01 3.857E+01 6.032E+01 8.694E+01 1.184E+02 1.548E+02 1.961E+02 2.424E+02 2.935E+02 3.496E+02 4.106E+02 4.767E+02 5.476E+02 6.236E+02 7.046E+02 7.906E+02 
6.000E+02 2.244E+00 8.953E+00 2.021E+01 3.597E+01 5.625E+01 8.108E+01 1.105E+02 1.444E+02 1.829E+02 2.261E+02 2.738E+02 3.261E+02 3.831E+02 4.447E+02 5.110E+02 5.819E+02 6.575E+02 7.378E+02 
7.000E+02 2.131E+00 8.506E+00 1.921E+01 3.418E+01 5.345E+01 7.704E+01 1.050E+02 1.372E+02 1.738E+02 2.148E+02 2.602E+02 3.100E+02 3.641E+02 4.227E+02 4.857E+02 5.531E+02 6.250E+02 7.014E+02 
8.000E+02 2.050E+00 8.184E+00 1.848E+01 3.289E+01 5.144E+01 7.415E+01 1.010E+02 1.321E+02 1.673E+02 2.068E+02 2.504E+02 2.983E+02 3.505E+02 4.069E+02 4.675E+02 5.325E+02 6.017E+02 6.752E+02 
9.000E+02 1.990E+00 7.949E+00 1.795E+01 3.194E+01 4.996E+01 7.201E+01 9.811E+01 1.283E+02 1.625E+02 2.008E+02 2.433E+02 2.898E+02 3.404E+02 3.952E+02 4.541E+02 5.172E+02 5.845E+02 6.559E+02 
1.000E+03 1.945E+00 7.770E+00 1.754E+01 3.122E+01 4.883E+01 7.038E+01 9.589E+01 1.254E+02 1.588E+02 1.963E+02 2.378E+02 2.832E+02 3.328E+02 3.863E+02 4.439E+02 5.056E+02 5.714E+02 6.412E+02 
