* Stopping power tables calculated with libdEdx, version 1.2.1-svn0
* by user fredo on host fredo-ThinkPad-P52s.
* Date of this calculation: Fri Dec  3 11:47:50 2021
* Timestamp: 20211203_114750
* Target material id: 262
* Target material name: TISSUE_SOFT_ICRUFOUR_COMPONENT
* Algorithm: DEDX_ICRU49 + DEDX_ICRU73 + DEDX_MSTAR for He-4 with E > 250 MeV
* Energy [MeV/nucleon] dE/dx [MeV cm2/g] for ions 1<=z<=18 
2.500E-02 7.633E+02 1.291E+03 2.544E+03 3.160E+03 3.636E+03 3.999E+03 4.325E+03 4.597E+03 4.807E+03 4.996E+03 5.152E+03 5.350E+03 5.529E+03 5.709E+03 5.919E+03 6.092E+03 6.313E+03 6.447E+03 
3.000E-02 8.105E+02 1.412E+03 2.755E+03 3.450E+03 3.999E+03 4.429E+03 4.808E+03 5.125E+03 5.371E+03 5.589E+03 5.767E+03 5.977E+03 6.170E+03 6.361E+03 6.585E+03 6.775E+03 7.005E+03 7.151E+03 
4.000E-02 8.796E+02 1.621E+03 3.097E+03 3.937E+03 4.626E+03 5.183E+03 5.669E+03 6.081E+03 6.406E+03 6.689E+03 6.919E+03 7.159E+03 7.383E+03 7.600E+03 7.844E+03 8.063E+03 8.310E+03 8.474E+03 
5.000E-02 9.235E+02 1.794E+03 3.358E+03 4.330E+03 5.144E+03 5.824E+03 6.414E+03 6.921E+03 7.330E+03 7.685E+03 7.974E+03 8.257E+03 8.516E+03 8.762E+03 9.034E+03 9.281E+03 9.546E+03 9.725E+03 
6.000E-02 9.485E+02 1.938E+03 3.555E+03 4.647E+03 5.578E+03 6.372E+03 7.061E+03 7.664E+03 8.154E+03 8.583E+03 8.941E+03 9.274E+03 9.574E+03 9.855E+03 1.016E+04 1.044E+04 1.073E+04 1.092E+04 
7.000E-02 9.597E+02 2.058E+03 3.701E+03 4.901E+03 5.940E+03 6.841E+03 7.627E+03 8.321E+03 8.894E+03 9.397E+03 9.822E+03 1.021E+04 1.056E+04 1.088E+04 1.122E+04 1.154E+04 1.185E+04 1.207E+04 
8.000E-02 9.606E+02 2.158E+03 3.808E+03 5.101E+03 6.240E+03 7.241E+03 8.120E+03 8.903E+03 9.556E+03 1.013E+04 1.063E+04 1.107E+04 1.148E+04 1.184E+04 1.222E+04 1.258E+04 1.292E+04 1.317E+04 
9.000E-02 9.541E+02 2.240E+03 3.885E+03 5.258E+03 6.487E+03 7.581E+03 8.549E+03 9.418E+03 1.015E+04 1.080E+04 1.136E+04 1.187E+04 1.232E+04 1.273E+04 1.316E+04 1.356E+04 1.394E+04 1.421E+04 
1.000E-01 9.422E+02 2.307E+03 3.936E+03 5.379E+03 6.688E+03 7.867E+03 8.920E+03 9.871E+03 1.068E+04 1.140E+04 1.203E+04 1.259E+04 1.311E+04 1.356E+04 1.404E+04 1.448E+04 1.489E+04 1.520E+04 
1.500E-01 8.459E+02 2.463E+03 3.985E+03 5.641E+03 7.224E+03 8.720E+03 1.011E+04 1.141E+04 1.255E+04 1.360E+04 1.456E+04 1.542E+04 1.620E+04 1.691E+04 1.762E+04 1.829E+04 1.890E+04 1.938E+04 
2.000E-01 7.426E+02 2.437E+03 3.887E+03 5.629E+03 7.347E+03 9.016E+03 1.061E+04 1.214E+04 1.352E+04 1.481E+04 1.605E+04 1.716E+04 1.820E+04 1.914E+04 2.008E+04 2.098E+04 2.180E+04 2.249E+04 
2.500E-01 6.547E+02 2.329E+03 3.750E+03 5.525E+03 7.309E+03 9.070E+03 1.079E+04 1.246E+04 1.398E+04 1.545E+04 1.688E+04 1.819E+04 1.942E+04 2.057E+04 2.171E+04 2.282E+04 2.383E+04 2.471E+04 
3.000E-01 5.853E+02 2.184E+03 3.605E+03 5.387E+03 7.203E+03 9.017E+03 1.081E+04 1.257E+04 1.420E+04 1.577E+04 1.733E+04 1.878E+04 2.017E+04 2.146E+04 2.277E+04 2.404E+04 2.521E+04 2.625E+04 
4.000E-01 4.874E+02 1.898E+03 3.329E+03 5.088E+03 6.919E+03 8.778E+03 1.064E+04 1.251E+04 1.425E+04 1.595E+04 1.767E+04 1.929E+04 2.087E+04 2.236E+04 2.389E+04 2.539E+04 2.680E+04 2.807E+04 
5.000E-01 4.221E+02 1.665E+03 3.083E+03 4.798E+03 6.614E+03 8.480E+03 1.037E+04 1.228E+04 1.408E+04 1.584E+04 1.765E+04 1.937E+04 2.106E+04 2.267E+04 2.434E+04 2.599E+04 2.754E+04 2.896E+04 
6.000E-01 3.746E+02 1.483E+03 2.867E+03 4.530E+03 6.318E+03 8.172E+03 1.007E+04 1.200E+04 1.382E+04 1.562E+04 1.748E+04 1.926E+04 2.102E+04 2.270E+04 2.446E+04 2.621E+04 2.787E+04 2.938E+04 
7.000E-01 3.378E+02 1.339E+03 2.678E+03 4.286E+03 6.038E+03 7.872E+03 9.763E+03 1.170E+04 1.353E+04 1.535E+04 1.724E+04 1.905E+04 2.085E+04 2.259E+04 2.441E+04 2.623E+04 2.795E+04 2.953E+04 
8.000E-01 3.083E+02 1.224E+03 2.512E+03 4.064E+03 5.777E+03 7.586E+03 9.461E+03 1.139E+04 1.323E+04 1.505E+04 1.696E+04 1.879E+04 2.063E+04 2.239E+04 2.426E+04 2.613E+04 2.790E+04 2.953E+04 
9.000E-01 2.843E+02 1.129E+03 2.365E+03 3.863E+03 5.535E+03 7.313E+03 9.170E+03 1.109E+04 1.292E+04 1.475E+04 1.666E+04 1.850E+04 2.036E+04 2.214E+04 2.404E+04 2.595E+04 2.776E+04 2.943E+04 
1.000E+00 2.640E+02 1.049E+03 2.234E+03 3.680E+03 5.310E+03 7.056E+03 8.891E+03 1.080E+04 1.262E+04 1.445E+04 1.636E+04 1.820E+04 2.007E+04 2.186E+04 2.379E+04 2.573E+04 2.756E+04 2.926E+04 
1.500E+00 1.976E+02 7.860E+02 1.748E+03 2.970E+03 4.402E+03 5.982E+03 7.683E+03 9.486E+03 1.123E+04 1.300E+04 1.488E+04 1.670E+04 1.856E+04 2.037E+04 2.233E+04 2.433E+04 2.622E+04 2.797E+04 
2.000E+00 1.600E+02 6.363E+02 1.439E+03 2.488E+03 3.751E+03 5.178E+03 6.742E+03 8.426E+03 1.008E+04 1.177E+04 1.358E+04 1.534E+04 1.716E+04 1.893E+04 2.088E+04 2.286E+04 2.476E+04 2.651E+04 
2.500E+00 1.354E+02 5.386E+02 1.225E+03 2.141E+03 3.266E+03 4.558E+03 5.997E+03 7.565E+03 9.125E+03 1.073E+04 1.246E+04 1.416E+04 1.592E+04 1.764E+04 1.955E+04 2.151E+04 2.338E+04 2.510E+04 
3.000E+00 1.180E+02 4.692E+02 1.069E+03 1.881E+03 2.891E+03 4.069E+03 5.395E+03 6.857E+03 8.326E+03 9.851E+03 1.150E+04 1.313E+04 1.483E+04 1.650E+04 1.836E+04 2.027E+04 2.210E+04 2.379E+04 
4.000E+00 9.460E+01 3.762E+02 8.559E+02 1.516E+03 2.353E+03 3.348E+03 4.487E+03 5.764E+03 7.073E+03 8.449E+03 9.949E+03 1.145E+04 1.302E+04 1.459E+04 1.633E+04 1.813E+04 1.988E+04 2.150E+04 
5.000E+00 7.952E+01 3.162E+02 7.177E+02 1.275E+03 1.987E+03 2.845E+03 3.839E+03 4.965E+03 6.141E+03 7.386E+03 8.753E+03 1.014E+04 1.159E+04 1.305E+04 1.469E+04 1.638E+04 1.804E+04 1.958E+04 
6.000E+00 6.889E+01 2.740E+02 6.206E+02 1.103E+03 1.724E+03 2.476E+03 3.355E+03 4.359E+03 5.422E+03 6.558E+03 7.808E+03 9.089E+03 1.044E+04 1.181E+04 1.333E+04 1.493E+04 1.650E+04 1.796E+04 
7.000E+00 6.096E+01 2.424E+02 5.483E+02 9.750E+02 1.524E+03 2.194E+03 2.981E+03 3.885E+03 4.853E+03 5.894E+03 7.045E+03 8.233E+03 9.495E+03 1.077E+04 1.220E+04 1.371E+04 1.519E+04 1.658E+04 
8.000E+00 5.480E+01 2.180E+02 4.924E+02 8.754E+02 1.369E+03 1.973E+03 2.685E+03 3.505E+03 4.392E+03 5.353E+03 6.416E+03 7.523E+03 8.702E+03 9.903E+03 1.125E+04 1.267E+04 1.407E+04 1.540E+04 
9.000E+00 4.986E+01 1.983E+02 4.477E+02 7.957E+02 1.245E+03 1.794E+03 2.444E+03 3.195E+03 4.013E+03 4.903E+03 5.892E+03 6.926E+03 8.030E+03 9.163E+03 1.043E+04 1.177E+04 1.310E+04 1.437E+04 
1.000E+01 4.582E+01 1.822E+02 4.110E+02 7.304E+02 1.142E+03 1.647E+03 2.245E+03 2.937E+03 3.696E+03 4.524E+03 5.446E+03 6.416E+03 7.455E+03 8.525E+03 9.719E+03 1.099E+04 1.225E+04 1.347E+04 
1.500E+01 3.300E+01 1.312E+02 2.957E+02 5.251E+02 8.202E+02 1.182E+03 1.611E+03 2.109E+03 2.665E+03 3.281E+03 3.968E+03 4.704E+03 5.499E+03 6.333E+03 7.257E+03 8.248E+03 9.253E+03 1.024E+04 
2.000E+01 2.611E+01 1.038E+02 2.339E+02 4.154E+02 6.485E+02 9.337E+02 1.271E+03 1.664E+03 2.104E+03 2.595E+03 3.142E+03 3.735E+03 4.377E+03 5.057E+03 5.809E+03 6.616E+03 7.445E+03 8.276E+03 
2.500E+01 2.177E+01 8.660E+01 1.950E+02 3.464E+02 5.410E+02 7.784E+02 1.059E+03 1.384E+03 1.752E+03 2.162E+03 2.618E+03 3.115E+03 3.654E+03 4.229E+03 4.861E+03 5.541E+03 6.247E+03 6.962E+03 
3.000E+01 1.878E+01 7.469E+01 1.682E+02 2.988E+02 4.666E+02 6.714E+02 9.134E+02 1.194E+03 1.510E+03 1.863E+03 2.256E+03 2.685E+03 3.151E+03 3.650E+03 4.196E+03 4.784E+03 5.397E+03 6.026E+03 
4.000E+01 1.489E+01 5.920E+01 1.334E+02 2.370E+02 3.701E+02 5.325E+02 7.245E+02 9.460E+02 1.197E+03 1.476E+03 1.787E+03 2.127E+03 2.497E+03 2.894E+03 3.326E+03 3.791E+03 4.280E+03 4.789E+03 
5.000E+01 1.245E+01 4.953E+01 1.116E+02 1.983E+02 3.097E+02 4.459E+02 6.065E+02 7.919E+02 1.002E+03 1.236E+03 1.495E+03 1.780E+03 2.089E+03 2.422E+03 2.782E+03 3.170E+03 3.580E+03 4.008E+03 
6.000E+01 1.078E+01 4.288E+01 9.661E+01 1.717E+02 2.682E+02 3.862E+02 5.255E+02 6.862E+02 8.680E+02 1.071E+03 1.296E+03 1.542E+03 1.810E+03 2.098E+03 2.410E+03 2.744E+03 3.099E+03 3.472E+03 
7.000E+01 9.558E+00 3.803E+01 8.566E+01 1.523E+02 2.379E+02 3.426E+02 4.663E+02 6.088E+02 7.702E+02 9.506E+02 1.150E+03 1.370E+03 1.606E+03 1.862E+03 2.138E+03 2.434E+03 2.748E+03 3.080E+03 
8.000E+01 8.622E+00 3.430E+01 7.729E+01 1.375E+02 2.147E+02 3.093E+02 4.209E+02 5.496E+02 6.954E+02 8.584E+02 1.038E+03 1.236E+03 1.450E+03 1.682E+03 1.931E+03 2.198E+03 2.481E+03 2.781E+03 
9.000E+01 7.883E+00 3.137E+01 7.067E+01 1.257E+02 1.964E+02 2.829E+02 3.850E+02 5.029E+02 6.363E+02 7.854E+02 9.503E+02 1.131E+03 1.327E+03 1.539E+03 1.766E+03 2.011E+03 2.270E+03 2.545E+03 
1.000E+02 7.285E+00 2.899E+01 6.531E+01 1.162E+02 1.816E+02 2.615E+02 3.559E+02 4.649E+02 5.884E+02 7.262E+02 8.788E+02 1.046E+03 1.227E+03 1.423E+03 1.633E+03 1.859E+03 2.099E+03 2.353E+03 
1.500E+02 5.439E+00 2.165E+01 4.881E+01 8.681E+01 1.357E+02 1.955E+02 2.662E+02 3.478E+02 4.402E+02 5.436E+02 6.579E+02 7.831E+02 9.193E+02 1.066E+03 1.224E+03 1.393E+03 1.573E+03 1.764E+03 
2.000E+02 4.486E+00 1.787E+01 4.027E+01 7.165E+01 1.120E+02 1.614E+02 2.198E+02 2.872E+02 3.637E+02 4.492E+02 5.437E+02 6.473E+02 7.600E+02 8.817E+02 1.013E+03 1.152E+03 1.302E+03 1.460E+03 
2.500E+02 3.904E+00 1.556E+01 3.508E+01 6.239E+01 9.756E+01 1.406E+02 1.915E+02 2.502E+02 3.169E+02 3.915E+02 4.739E+02 5.643E+02 6.625E+02 7.688E+02 8.830E+02 1.005E+03 1.135E+03 1.273E+03 
3.000E+02 3.514E+00 1.400E+01 3.158E+01 5.619E+01 8.786E+01 1.266E+02 1.725E+02 2.254E+02 2.855E+02 3.526E+02 4.270E+02 5.085E+02 5.971E+02 6.929E+02 7.959E+02 9.061E+02 1.023E+03 1.148E+03 
4.000E+02 3.025E+00 1.206E+01 2.722E+01 4.843E+01 7.573E+01 1.091E+02 1.486E+02 1.943E+02 2.461E+02 3.041E+02 3.683E+02 4.386E+02 5.151E+02 5.979E+02 6.869E+02 7.820E+02 8.835E+02 9.912E+02 
5.000E+02 2.736E+00 1.091E+01 2.464E+01 4.384E+01 6.855E+01 9.880E+01 1.346E+02 1.759E+02 2.229E+02 2.754E+02 3.335E+02 3.972E+02 4.665E+02 5.416E+02 6.222E+02 7.085E+02 8.004E+02 8.981E+02 
6.000E+02 2.548E+00 1.017E+01 2.296E+01 4.086E+01 6.389E+01 9.208E+01 1.255E+02 1.640E+02 2.077E+02 2.567E+02 3.109E+02 3.703E+02 4.350E+02 5.049E+02 5.802E+02 6.607E+02 7.465E+02 8.376E+02 
7.000E+02 2.418E+00 9.652E+00 2.181E+01 3.880E+01 6.068E+01 8.745E+01 1.192E+02 1.557E+02 1.973E+02 2.438E+02 2.953E+02 3.518E+02 4.132E+02 4.797E+02 5.512E+02 6.277E+02 7.092E+02 7.959E+02 
8.000E+02 2.325E+00 9.280E+00 2.097E+01 3.732E+01 5.837E+01 8.413E+01 1.146E+02 1.499E+02 1.898E+02 2.346E+02 2.841E+02 3.384E+02 3.976E+02 4.616E+02 5.303E+02 6.040E+02 6.825E+02 7.658E+02 
9.000E+02 2.255E+00 9.008E+00 2.036E+01 3.623E+01 5.667E+01 8.168E+01 1.113E+02 1.455E+02 1.843E+02 2.277E+02 2.759E+02 3.286E+02 3.860E+02 4.481E+02 5.149E+02 5.864E+02 6.627E+02 7.437E+02 
1.000E+03 2.203E+00 8.800E+00 1.989E+01 3.540E+01 5.536E+01 7.979E+01 1.087E+02 1.422E+02 1.800E+02 2.225E+02 2.696E+02 3.210E+02 3.772E+02 4.379E+02 5.031E+02 5.730E+02 6.477E+02 7.267E+02 
