* weighted by mass
2.50E-02 6.54E+02 1.29E+03 1.64E+03 2.17E+03 2.85E+03 3.56E+03 4.08E+03 4.26E+03 4.14E+03 3.93E+03 3.79E+03 3.72E+03 4.05E+03 4.62E+03 5.17E+03 5.48E+03 5.48E+03 5.39E+03
3.00E-02 6.92E+02 1.39E+03 1.79E+03 2.37E+03 3.12E+03 3.90E+03 4.48E+03 4.70E+03 4.60E+03 4.43E+03 4.32E+03 4.25E+03 4.62E+03 5.24E+03 5.84E+03 6.15E+03 6.12E+03 5.98E+03
4.00E-02 7.51E+02 1.56E+03 2.05E+03 2.73E+03 3.59E+03 4.49E+03 5.18E+03 5.49E+03 5.46E+03 5.38E+03 5.34E+03 5.28E+03 5.72E+03 6.44E+03 7.10E+03 7.43E+03 7.35E+03 7.11E+03
5.00E-02 7.93E+02 1.70E+03 2.28E+03 3.03E+03 3.99E+03 5.00E+03 5.80E+03 6.19E+03 6.23E+03 6.25E+03 6.31E+03 6.26E+03 6.77E+03 7.57E+03 8.30E+03 8.64E+03 8.51E+03 8.18E+03
6.00E-02 8.19E+02 1.81E+03 2.47E+03 3.29E+03 4.33E+03 5.44E+03 6.34E+03 6.81E+03 6.94E+03 7.07E+03 7.23E+03 7.19E+03 7.77E+03 8.65E+03 9.45E+03 9.80E+03 9.63E+03 9.22E+03
7.00E-02 8.32E+02 1.90E+03 2.64E+03 3.52E+03 4.64E+03 5.83E+03 6.81E+03 7.37E+03 7.58E+03 7.84E+03 8.10E+03 8.08E+03 8.72E+03 9.68E+03 1.05E+04 1.09E+04 1.07E+04 1.02E+04
8.00E-02 8.37E+02 1.98E+03 2.78E+03 3.72E+03 4.90E+03 6.17E+03 7.23E+03 7.87E+03 8.17E+03 8.54E+03 8.92E+03 8.91E+03 9.61E+03 1.06E+04 1.15E+04 1.19E+04 1.17E+04 1.12E+04
9.00E-02 8.34E+02 2.04E+03 2.91E+03 3.90E+03 5.13E+03 6.48E+03 7.61E+03 8.33E+03 8.71E+03 9.20E+03 9.68E+03 9.70E+03 1.05E+04 1.16E+04 1.25E+04 1.29E+04 1.27E+04 1.21E+04
1.00E-01 8.26E+02 2.08E+03 3.02E+03 4.05E+03 5.34E+03 6.74E+03 7.94E+03 8.73E+03 9.20E+03 9.81E+03 1.04E+04 1.04E+04 1.12E+04 1.24E+04 1.34E+04 1.39E+04 1.36E+04 1.30E+04
1.50E-01 7.50E+02 2.17E+03 3.37E+03 4.57E+03 6.03E+03 7.64E+03 9.10E+03 1.02E+04 1.10E+04 1.22E+04 1.32E+04 1.34E+04 1.44E+04 1.58E+04 1.71E+04 1.77E+04 1.75E+04 1.69E+04
2.00E-01 6.63E+02 2.14E+03 3.50E+03 4.80E+03 6.35E+03 8.07E+03 9.68E+03 1.10E+04 1.21E+04 1.37E+04 1.51E+04 1.53E+04 1.65E+04 1.82E+04 1.96E+04 2.03E+04 2.03E+04 1.98E+04
2.50E-01 5.88E+02 2.05E+03 3.51E+03 4.88E+03 6.45E+03 8.22E+03 9.92E+03 1.14E+04 1.27E+04 1.46E+04 1.62E+04 1.66E+04 1.79E+04 1.96E+04 2.12E+04 2.21E+04 2.23E+04 2.19E+04
3.00E-01 5.28E+02 1.93E+03 3.45E+03 4.84E+03 6.42E+03 8.20E+03 9.94E+03 1.15E+04 1.30E+04 1.50E+04 1.68E+04 1.73E+04 1.87E+04 2.05E+04 2.22E+04 2.32E+04 2.35E+04 2.34E+04
4.00E-01 4.41E+02 1.70E+03 3.22E+03 4.63E+03 6.18E+03 7.92E+03 9.67E+03 1.13E+04 1.30E+04 1.52E+04 1.72E+04 1.77E+04 1.93E+04 2.12E+04 2.29E+04 2.42E+04 2.48E+04 2.50E+04
5.00E-01 3.82E+02 1.50E+03 2.98E+03 4.37E+03 5.87E+03 7.55E+03 9.27E+03 1.09E+04 1.27E+04 1.49E+04 1.70E+04 1.77E+04 1.92E+04 2.11E+04 2.30E+04 2.44E+04 2.52E+04 2.57E+04
6.00E-01 3.40E+02 1.34E+03 2.75E+03 4.12E+03 5.57E+03 7.19E+03 8.86E+03 1.05E+04 1.23E+04 1.46E+04 1.66E+04 1.74E+04 1.89E+04 2.09E+04 2.27E+04 2.42E+04 2.53E+04 2.59E+04
7.00E-01 3.08E+02 1.22E+03 2.55E+03 3.90E+03 5.32E+03 6.88E+03 8.51E+03 1.02E+04 1.19E+04 1.42E+04 1.63E+04 1.70E+04 1.86E+04 2.05E+04 2.24E+04 2.40E+04 2.52E+04 2.60E+04
8.00E-01 2.82E+02 1.12E+03 2.38E+03 3.70E+03 5.08E+03 6.60E+03 8.20E+03 9.81E+03 1.16E+04 1.38E+04 1.59E+04 1.67E+04 1.83E+04 2.02E+04 2.21E+04 2.37E+04 2.50E+04 2.60E+04
9.00E-01 2.60E+02 1.03E+03 2.23E+03 3.52E+03 4.88E+03 6.35E+03 7.91E+03 9.51E+03 1.12E+04 1.35E+04 1.55E+04 1.63E+04 1.79E+04 1.98E+04 2.17E+04 2.34E+04 2.48E+04 2.59E+04
1.00E+00 2.42E+02 9.61E+02 2.10E+03 3.36E+03 4.68E+03 6.12E+03 7.65E+03 9.22E+03 1.09E+04 1.31E+04 1.51E+04 1.60E+04 1.76E+04 1.95E+04 2.14E+04 2.31E+04 2.45E+04 2.57E+04
1.50E+00 1.82E+02 7.25E+02 1.62E+03 2.73E+03 3.93E+03 5.23E+03 6.61E+03 8.06E+03 9.64E+03 1.16E+04 1.35E+04 1.45E+04 1.60E+04 1.78E+04 1.97E+04 2.15E+04 2.31E+04 2.46E+04
2.00E+00 1.48E+02 5.89E+02 1.33E+03 2.29E+03 3.38E+03 4.57E+03 5.84E+03 7.19E+03 8.66E+03 1.05E+04 1.22E+04 1.32E+04 1.47E+04 1.64E+04 1.82E+04 2.00E+04 2.17E+04 2.33E+04
2.50E+00 1.26E+02 5.00E+02 1.13E+03 1.98E+03 2.97E+03 4.06E+03 5.24E+03 6.50E+03 7.86E+03 9.53E+03 1.11E+04 1.22E+04 1.36E+04 1.52E+04 1.69E+04 1.87E+04 2.04E+04 2.20E+04
3.00E+00 1.10E+02 4.36E+02 9.86E+02 1.74E+03 2.64E+03 3.66E+03 4.75E+03 5.93E+03 7.21E+03 8.75E+03 1.03E+04 1.13E+04 1.26E+04 1.42E+04 1.58E+04 1.75E+04 1.92E+04 2.08E+04
4.00E+00 8.82E+01 3.51E+02 7.93E+02 1.41E+03 2.17E+03 3.04E+03 4.01E+03 5.05E+03 6.19E+03 7.52E+03 8.86E+03 9.86E+03 1.11E+04 1.25E+04 1.41E+04 1.56E+04 1.72E+04 1.88E+04
5.00E+00 7.42E+01 2.95E+02 6.67E+02 1.19E+03 1.84E+03 2.61E+03 3.47E+03 4.40E+03 5.42E+03 6.61E+03 7.81E+03 8.78E+03 9.93E+03 1.12E+04 1.27E+04 1.41E+04 1.56E+04 1.71E+04
6.00E+00 6.43E+01 2.56E+02 5.79E+02 1.03E+03 1.60E+03 2.28E+03 3.06E+03 3.90E+03 4.83E+03 5.90E+03 6.99E+03 7.92E+03 8.99E+03 1.02E+04 1.15E+04 1.29E+04 1.43E+04 1.57E+04
7.00E+00 5.70E+01 2.27E+02 5.12E+02 9.11E+02 1.42E+03 2.03E+03 2.73E+03 3.51E+03 4.36E+03 5.33E+03 6.34E+03 7.22E+03 8.23E+03 9.36E+03 1.06E+04 1.19E+04 1.32E+04 1.45E+04
8.00E+00 5.12E+01 2.04E+02 4.61E+02 8.19E+02 1.28E+03 1.84E+03 2.48E+03 3.19E+03 3.97E+03 4.86E+03 5.80E+03 6.64E+03 7.59E+03 8.65E+03 9.79E+03 1.10E+04 1.22E+04 1.35E+04
9.00E+00 4.66E+01 1.85E+02 4.20E+02 7.46E+02 1.17E+03 1.67E+03 2.26E+03 2.92E+03 3.65E+03 4.47E+03 5.34E+03 6.15E+03 7.05E+03 8.04E+03 9.12E+03 1.03E+04 1.14E+04 1.26E+04
1.00E+01 4.29E+01 1.70E+02 3.86E+02 6.86E+02 1.07E+03 1.54E+03 2.09E+03 2.70E+03 3.38E+03 4.15E+03 4.96E+03 5.73E+03 6.58E+03 7.52E+03 8.54E+03 9.61E+03 1.07E+04 1.19E+04
1.50E+01 3.09E+01 1.23E+02 2.78E+02 4.94E+02 7.73E+02 1.11E+03 1.51E+03 1.97E+03 2.48E+03 3.05E+03 3.67E+03 4.29E+03 4.97E+03 5.71E+03 6.51E+03 7.36E+03 8.24E+03 9.16E+03
2.00E+01 2.45E+01 9.73E+01 2.20E+02 3.92E+02 6.12E+02 8.81E+02 1.20E+03 1.56E+03 1.98E+03 2.43E+03 2.94E+03 3.46E+03 4.02E+03 4.63E+03 5.29E+03 5.99E+03 6.73E+03 7.50E+03
2.50E+01 2.04E+01 8.12E+01 1.84E+02 3.27E+02 5.11E+02 7.35E+02 1.00E+03 1.31E+03 1.65E+03 2.04E+03 2.46E+03 2.91E+03 3.39E+03 3.92E+03 4.48E+03 5.08E+03 5.71E+03 6.37E+03
3.00E+01 1.76E+01 7.01E+01 1.59E+02 2.82E+02 4.41E+02 6.34E+02 8.63E+02 1.13E+03 1.43E+03 1.76E+03 2.13E+03 2.52E+03 2.94E+03 3.40E+03 3.90E+03 4.42E+03 4.98E+03 5.56E+03
4.00E+01 1.40E+01 5.56E+01 1.26E+02 2.24E+02 3.49E+02 5.03E+02 6.85E+02 8.95E+02 1.13E+03 1.40E+03 1.69E+03 2.01E+03 2.35E+03 2.72E+03 3.12E+03 3.54E+03 3.99E+03 4.47E+03
5.00E+01 1.17E+01 4.65E+01 1.05E+02 1.87E+02 2.92E+02 4.21E+02 5.73E+02 7.49E+02 9.48E+02 1.17E+03 1.42E+03 1.68E+03 1.97E+03 2.28E+03 2.62E+03 2.98E+03 3.36E+03 3.76E+03
6.00E+01 1.01E+01 4.03E+01 9.12E+01 1.62E+02 2.53E+02 3.65E+02 4.96E+02 6.49E+02 8.21E+02 1.01E+03 1.23E+03 1.46E+03 1.71E+03 1.98E+03 2.27E+03 2.59E+03 2.92E+03 3.27E+03
7.00E+01 8.98E+00 3.57E+01 8.09E+01 1.44E+02 2.25E+02 3.24E+02 4.40E+02 5.75E+02 7.28E+02 8.99E+02 1.09E+03 1.29E+03 1.52E+03 1.76E+03 2.02E+03 2.30E+03 2.59E+03 2.90E+03
8.00E+01 8.10E+00 3.22E+01 7.30E+01 1.30E+02 2.03E+02 2.92E+02 3.97E+02 5.19E+02 6.57E+02 8.11E+02 9.81E+02 1.17E+03 1.37E+03 1.59E+03 1.82E+03 2.07E+03 2.34E+03 2.62E+03
9.00E+01 7.41E+00 2.95E+01 6.68E+01 1.19E+02 1.85E+02 2.67E+02 3.63E+02 4.75E+02 6.01E+02 7.42E+02 8.98E+02 1.07E+03 1.25E+03 1.45E+03 1.67E+03 1.90E+03 2.14E+03 2.40E+03
1.00E+02 6.85E+00 2.73E+01 6.17E+01 1.10E+02 1.71E+02 2.47E+02 3.36E+02 4.39E+02 5.55E+02 6.86E+02 8.30E+02 9.87E+02 1.16E+03 1.34E+03 1.54E+03 1.75E+03 1.98E+03 2.22E+03
1.50E+02 5.12E+00 2.04E+01 4.61E+01 8.20E+01 1.28E+02 1.84E+02 2.51E+02 3.28E+02 4.15E+02 5.12E+02 6.20E+02 7.38E+02 8.66E+02 1.00E+03 1.15E+03 1.31E+03 1.48E+03 1.66E+03
2.00E+02 4.22E+00 1.68E+01 3.81E+01 6.77E+01 1.06E+02 1.52E+02 2.07E+02 2.71E+02 3.43E+02 4.23E+02 5.12E+02 6.09E+02 7.15E+02 8.29E+02 9.52E+02 1.08E+03 1.22E+03 1.37E+03
2.50E+02 3.68E+00 1.46E+01 3.32E+01 5.89E+01 9.21E+01 1.33E+02 1.80E+02 2.36E+02 2.98E+02 3.68E+02 4.46E+02 5.30E+02 6.23E+02 7.22E+02 8.29E+02 9.43E+02 1.06E+03 1.19E+03
3.00E+02 3.31E+00 1.32E+01 2.99E+01 5.31E+01 8.29E+01 1.19E+02 1.63E+02 2.12E+02 2.69E+02 3.32E+02 4.01E+02 4.78E+02 5.61E+02 6.50E+02 7.46E+02 8.49E+02 9.59E+02 1.07E+03
4.00E+02 2.85E+00 1.14E+01 2.57E+01 4.57E+01 7.15E+01 1.03E+02 1.40E+02 1.83E+02 2.32E+02 2.86E+02 3.46E+02 4.12E+02 4.83E+02 5.60E+02 6.43E+02 7.32E+02 8.26E+02 9.26E+02
5.00E+02 2.58E+00 1.03E+01 2.33E+01 4.14E+01 6.47E+01 9.31E+01 1.27E+02 1.66E+02 2.10E+02 2.59E+02 3.13E+02 3.73E+02 4.37E+02 5.07E+02 5.82E+02 6.62E+02 7.48E+02 8.38E+02
6.00E+02 2.40E+00 9.58E+00 2.17E+01 3.86E+01 6.03E+01 8.68E+01 1.18E+02 1.54E+02 1.95E+02 2.41E+02 2.92E+02 3.47E+02 4.07E+02 4.73E+02 5.42E+02 6.17E+02 6.97E+02 7.81E+02
7.00E+02 2.28E+00 9.10E+00 2.06E+01 3.66E+01 5.72E+01 8.24E+01 1.12E+02 1.46E+02 1.85E+02 2.29E+02 2.77E+02 3.30E+02 3.87E+02 4.49E+02 5.15E+02 5.86E+02 6.62E+02 7.42E+02
8.00E+02 2.19E+00 8.74E+00 1.98E+01 3.52E+01 5.50E+01 7.91E+01 1.08E+02 1.41E+02 1.78E+02 2.20E+02 2.66E+02 3.17E+02 3.72E+02 4.31E+02 4.95E+02 5.63E+02 6.35E+02 7.12E+02
9.00E+02 2.12E+00 8.47E+00 1.92E+01 3.41E+01 5.33E+01 7.67E+01 1.04E+02 1.36E+02 1.73E+02 2.13E+02 2.58E+02 3.07E+02 3.60E+02 4.18E+02 4.80E+02 5.46E+02 6.16E+02 6.91E+02
1.00E+03 2.07E+00 8.26E+00 1.87E+01 3.33E+01 5.20E+01 7.49E+01 1.02E+02 1.33E+02 1.68E+02 2.08E+02 2.52E+02 2.99E+02 3.51E+02 4.08E+02 4.68E+02 5.32E+02 6.01E+02 6.74E+02
