* Stopping power tables calculated with libdEdx, version 1.2.1-svn0
* by user fredo on host fredo-ThinkPad-P52s.
* Date of this calculation: Fri Nov 20 10:14:10 2020
* Timestamp: 20201120_101410
* Target material id: 8
* Target material name: OXYGEN
* Algorithm: DEDX_PSTAR for z = 1 and DEDX_MSTAR for z > 1
* Energy [MeV/nucleon] dE/dx [MeV cm2/g] for ions 1<=z<=18 
2.500E-02 4.619E+02 9.365E+02 1.193E+03 1.578E+03 2.076E+03 2.592E+03 2.969E+03 3.102E+03 3.013E+03 2.864E+03 2.757E+03 2.710E+03 2.951E+03 3.366E+03 3.768E+03 3.992E+03 3.994E+03 3.926E+03 
3.000E-02 4.950E+02 1.018E+03 1.311E+03 1.736E+03 2.284E+03 2.855E+03 3.279E+03 3.442E+03 3.371E+03 3.247E+03 3.163E+03 3.115E+03 3.384E+03 3.840E+03 4.273E+03 4.505E+03 4.484E+03 4.379E+03 
4.000E-02 5.470E+02 1.156E+03 1.520E+03 2.017E+03 2.655E+03 3.325E+03 3.837E+03 4.064E+03 4.039E+03 3.979E+03 3.953E+03 3.907E+03 4.233E+03 4.764E+03 5.255E+03 5.498E+03 5.435E+03 5.257E+03 
5.000E-02 5.844E+02 1.272E+03 1.703E+03 2.264E+03 2.981E+03 3.740E+03 4.335E+03 4.629E+03 4.659E+03 4.677E+03 4.721E+03 4.681E+03 5.061E+03 5.663E+03 6.209E+03 6.464E+03 6.364E+03 6.116E+03 
6.000E-02 6.106E+02 1.370E+03 1.867E+03 2.486E+03 3.274E+03 4.114E+03 4.788E+03 5.148E+03 5.241E+03 5.345E+03 5.466E+03 5.436E+03 5.870E+03 6.540E+03 7.138E+03 7.407E+03 7.275E+03 6.967E+03 
7.000E-02 6.280E+02 1.454E+03 2.015E+03 2.687E+03 3.540E+03 4.455E+03 5.203E+03 5.630E+03 5.789E+03 5.984E+03 6.187E+03 6.169E+03 6.656E+03 7.392E+03 8.041E+03 8.326E+03 8.171E+03 7.810E+03 
8.000E-02 6.383E+02 1.526E+03 2.148E+03 2.871E+03 3.783E+03 4.766E+03 5.584E+03 6.078E+03 6.305E+03 6.596E+03 6.883E+03 6.879E+03 7.418E+03 8.218E+03 8.917E+03 9.222E+03 9.049E+03 8.643E+03 
9.000E-02 6.430E+02 1.587E+03 2.269E+03 3.038E+03 4.004E+03 5.051E+03 5.936E+03 6.495E+03 6.792E+03 7.179E+03 7.551E+03 7.563E+03 8.153E+03 9.014E+03 9.762E+03 1.009E+04 9.905E+03 9.463E+03 
1.000E-01 6.433E+02 1.639E+03 2.379E+03 3.191E+03 4.206E+03 5.311E+03 6.259E+03 6.882E+03 7.248E+03 7.732E+03 8.189E+03 8.218E+03 8.858E+03 9.778E+03 1.058E+04 1.093E+04 1.074E+04 1.027E+04 
1.500E-01 6.067E+02 1.792E+03 2.778E+03 3.767E+03 4.970E+03 6.300E+03 7.504E+03 8.412E+03 9.109E+03 1.005E+04 1.090E+04 1.103E+04 1.189E+04 1.307E+04 1.409E+04 1.459E+04 1.445E+04 1.394E+04 
2.000E-01 5.491E+02 1.820E+03 2.982E+03 4.090E+03 5.402E+03 6.867E+03 8.244E+03 9.368E+03 1.034E+04 1.164E+04 1.283E+04 1.305E+04 1.409E+04 1.546E+04 1.667E+04 1.733E+04 1.730E+04 1.687E+04 
2.500E-01 4.946E+02 1.777E+03 3.049E+03 4.231E+03 5.600E+03 7.133E+03 8.614E+03 9.888E+03 1.106E+04 1.264E+04 1.406E+04 1.437E+04 1.553E+04 1.705E+04 1.840E+04 1.920E+04 1.933E+04 1.903E+04 
3.000E-01 4.497E+02 1.692E+03 3.018E+03 4.238E+03 5.621E+03 7.173E+03 8.702E+03 1.007E+04 1.137E+04 1.313E+04 1.472E+04 1.510E+04 1.635E+04 1.795E+04 1.939E+04 2.032E+04 2.060E+04 2.045E+04 
4.000E-01 3.831E+02 1.497E+03 2.837E+03 4.078E+03 5.439E+03 6.965E+03 8.509E+03 9.958E+03 1.141E+04 1.336E+04 1.512E+04 1.561E+04 1.694E+04 1.862E+04 2.018E+04 2.130E+04 2.183E+04 2.199E+04 
5.000E-01 3.363E+02 1.329E+03 2.631E+03 3.867E+03 5.192E+03 6.671E+03 8.193E+03 9.666E+03 1.119E+04 1.321E+04 1.503E+04 1.561E+04 1.698E+04 1.869E+04 2.031E+04 2.156E+04 2.230E+04 2.271E+04 
6.000E-01 3.011E+02 1.193E+03 2.441E+03 3.661E+03 4.952E+03 6.384E+03 7.873E+03 9.345E+03 1.089E+04 1.293E+04 1.478E+04 1.542E+04 1.681E+04 1.853E+04 2.019E+04 2.153E+04 2.243E+04 2.304E+04 
7.000E-01 2.732E+02 1.085E+03 2.272E+03 3.473E+03 4.733E+03 6.122E+03 7.578E+03 9.038E+03 1.059E+04 1.263E+04 1.448E+04 1.517E+04 1.656E+04 1.828E+04 1.997E+04 2.138E+04 2.241E+04 2.317E+04 
8.000E-01 2.505E+02 9.959E+02 2.124E+03 3.303E+03 4.535E+03 5.887E+03 7.311E+03 8.755E+03 1.030E+04 1.232E+04 1.416E+04 1.489E+04 1.628E+04 1.800E+04 1.970E+04 2.116E+04 2.229E+04 2.319E+04 
9.000E-01 2.319E+02 9.223E+02 1.994E+03 3.148E+03 4.356E+03 5.675E+03 7.068E+03 8.493E+03 1.003E+04 1.202E+04 1.385E+04 1.460E+04 1.600E+04 1.771E+04 1.942E+04 2.092E+04 2.213E+04 2.313E+04 
1.000E+00 2.161E+02 8.602E+02 1.878E+03 3.008E+03 4.192E+03 5.481E+03 6.846E+03 8.251E+03 9.770E+03 1.173E+04 1.354E+04 1.432E+04 1.571E+04 1.741E+04 1.913E+04 2.066E+04 2.194E+04 2.302E+04 
1.500E+00 1.636E+02 6.519E+02 1.459E+03 2.454E+03 3.532E+03 4.699E+03 5.944E+03 7.248E+03 8.670E+03 1.046E+04 1.215E+04 1.302E+04 1.437E+04 1.600E+04 1.769E+04 1.930E+04 2.076E+04 2.210E+04 
2.000E+00 1.334E+02 5.313E+02 1.198E+03 2.068E+03 3.050E+03 4.120E+03 5.267E+03 6.479E+03 7.803E+03 9.439E+03 1.100E+04 1.191E+04 1.322E+04 1.477E+04 1.641E+04 1.801E+04 1.953E+04 2.097E+04 
2.500E+00 1.135E+02 4.520E+02 1.021E+03 1.787E+03 2.683E+03 3.671E+03 4.737E+03 5.870E+03 7.107E+03 8.610E+03 1.007E+04 1.099E+04 1.225E+04 1.373E+04 1.531E+04 1.688E+04 1.840E+04 1.988E+04 
3.000E+00 9.929E+01 3.952E+02 8.934E+02 1.575E+03 2.394E+03 3.311E+03 4.306E+03 5.369E+03 6.529E+03 7.921E+03 9.288E+03 1.021E+04 1.143E+04 1.284E+04 1.435E+04 1.588E+04 1.739E+04 1.886E+04 
4.000E+00 8.006E+01 3.186E+02 7.205E+02 1.278E+03 1.970E+03 2.766E+03 3.644E+03 4.590E+03 5.623E+03 6.836E+03 8.052E+03 8.960E+03 1.009E+04 1.138E+04 1.277E+04 1.420E+04 1.564E+04 1.706E+04 
5.000E+00 6.757E+01 2.688E+02 6.081E+02 1.080E+03 1.677E+03 2.377E+03 3.160E+03 4.012E+03 4.944E+03 6.021E+03 7.119E+03 7.996E+03 9.045E+03 1.024E+04 1.153E+04 1.286E+04 1.422E+04 1.558E+04 
6.000E+00 5.872E+01 2.336E+02 5.285E+02 9.393E+02 1.463E+03 2.086E+03 2.792E+03 3.566E+03 4.414E+03 5.385E+03 6.387E+03 7.229E+03 8.211E+03 9.320E+03 1.052E+04 1.177E+04 1.305E+04 1.433E+04 
7.000E+00 5.208E+01 2.072E+02 4.687E+02 8.332E+02 1.300E+03 1.860E+03 2.501E+03 3.210E+03 3.989E+03 4.873E+03 5.795E+03 6.601E+03 7.524E+03 8.559E+03 9.675E+03 1.085E+04 1.205E+04 1.327E+04 
8.000E+00 4.690E+01 1.866E+02 4.221E+02 7.504E+02 1.172E+03 1.681E+03 2.267E+03 2.921E+03 3.640E+03 4.453E+03 5.307E+03 6.077E+03 6.948E+03 7.918E+03 8.966E+03 1.007E+04 1.121E+04 1.236E+04 
9.000E+00 4.274E+01 1.700E+02 3.847E+02 6.839E+02 1.068E+03 1.534E+03 2.075E+03 2.681E+03 3.350E+03 4.103E+03 4.899E+03 5.635E+03 6.459E+03 7.373E+03 8.359E+03 9.401E+03 1.048E+04 1.158E+04 
1.000E+01 3.932E+01 1.564E+02 3.539E+02 6.292E+02 9.829E+02 1.413E+03 1.914E+03 2.479E+03 3.104E+03 3.805E+03 4.551E+03 5.255E+03 6.037E+03 6.901E+03 7.833E+03 8.820E+03 9.844E+03 1.089E+04 
1.500E+01 2.845E+01 1.131E+02 2.561E+02 4.552E+02 7.113E+02 1.024E+03 1.392E+03 1.813E+03 2.285E+03 2.810E+03 3.379E+03 3.953E+03 4.577E+03 5.258E+03 5.992E+03 6.772E+03 7.588E+03 8.429E+03 
2.000E+01 2.257E+01 8.979E+01 2.032E+02 3.613E+02 5.645E+02 8.128E+02 1.106E+03 1.443E+03 1.823E+03 2.246E+03 2.708E+03 3.189E+03 3.710E+03 4.274E+03 4.882E+03 5.529E+03 6.210E+03 6.915E+03 
2.500E+01 1.886E+01 7.502E+01 1.698E+02 3.019E+02 4.717E+02 6.792E+02 9.244E+02 1.207E+03 1.526E+03 1.882E+03 2.273E+03 2.687E+03 3.134E+03 3.618E+03 4.138E+03 4.692E+03 5.277E+03 5.886E+03 
3.000E+01 1.629E+01 6.478E+01 1.466E+02 2.607E+02 4.073E+02 5.866E+02 7.984E+02 1.043E+03 1.319E+03 1.627E+03 1.967E+03 2.330E+03 2.723E+03 3.148E+03 3.604E+03 4.090E+03 4.604E+03 5.141E+03 
4.000E+01 1.294E+01 5.146E+01 1.165E+02 2.071E+02 3.236E+02 4.660E+02 6.343E+02 8.284E+02 1.048E+03 1.294E+03 1.565E+03 1.859E+03 2.176E+03 2.519E+03 2.888E+03 3.281E+03 3.697E+03 4.134E+03 
5.000E+01 1.084E+01 4.311E+01 9.761E+01 1.735E+02 2.711E+02 3.904E+02 5.314E+02 6.941E+02 8.784E+02 1.084E+03 1.312E+03 1.560E+03 1.828E+03 2.118E+03 2.429E+03 2.761E+03 3.113E+03 3.485E+03 
6.000E+01 9.393E+00 3.737E+01 8.460E+01 1.504E+02 2.350E+02 3.384E+02 4.606E+02 6.016E+02 7.614E+02 9.400E+02 1.137E+03 1.353E+03 1.586E+03 1.839E+03 2.109E+03 2.399E+03 2.706E+03 3.030E+03 
7.000E+01 8.335E+00 3.316E+01 7.508E+01 1.335E+02 2.086E+02 3.003E+02 4.088E+02 5.339E+02 6.757E+02 8.342E+02 1.009E+03 1.201E+03 1.409E+03 1.633E+03 1.874E+03 2.131E+03 2.405E+03 2.694E+03 
8.000E+01 7.525E+00 2.994E+01 6.779E+01 1.205E+02 1.883E+02 2.712E+02 3.691E+02 4.821E+02 6.101E+02 7.532E+02 9.114E+02 1.084E+03 1.272E+03 1.475E+03 1.693E+03 1.926E+03 2.173E+03 2.435E+03 
9.000E+01 6.884E+00 2.740E+01 6.203E+01 1.103E+02 1.723E+02 2.481E+02 3.377E+02 4.411E+02 5.583E+02 6.892E+02 8.339E+02 9.923E+02 1.164E+03 1.350E+03 1.550E+03 1.763E+03 1.990E+03 2.230E+03 
1.000E+02 6.365E+00 2.533E+01 5.735E+01 1.020E+02 1.593E+02 2.294E+02 3.122E+02 4.078E+02 5.162E+02 6.372E+02 7.710E+02 9.176E+02 1.077E+03 1.249E+03 1.433E+03 1.630E+03 1.840E+03 2.062E+03 
1.500E+02 4.761E+00 1.895E+01 4.292E+01 7.630E+01 1.192E+02 1.717E+02 2.337E+02 3.052E+02 3.863E+02 4.769E+02 5.770E+02 6.867E+02 8.059E+02 9.347E+02 1.073E+03 1.221E+03 1.378E+03 1.545E+03 
2.000E+02 3.932E+00 1.566E+01 3.546E+01 6.303E+01 9.849E+01 1.418E+02 1.930E+02 2.521E+02 3.191E+02 3.940E+02 4.767E+02 5.673E+02 6.658E+02 7.722E+02 8.864E+02 1.009E+03 1.139E+03 1.276E+03 
2.500E+02 3.425E+00 1.365E+01 3.090E+01 5.493E+01 8.583E+01 1.236E+02 1.682E+02 2.197E+02 2.781E+02 3.433E+02 4.154E+02 4.944E+02 5.802E+02 6.729E+02 7.725E+02 8.789E+02 9.922E+02 1.112E+03 
3.000E+02 3.085E+00 1.229E+01 2.784E+01 4.949E+01 7.732E+01 1.113E+02 1.516E+02 1.980E+02 2.505E+02 3.093E+02 3.743E+02 4.454E+02 5.227E+02 6.062E+02 6.959E+02 7.918E+02 8.939E+02 1.002E+03 
4.000E+02 2.659E+00 1.060E+01 2.401E+01 4.268E+01 6.669E+01 9.604E+01 1.307E+02 1.707E+02 2.161E+02 2.668E+02 3.228E+02 3.842E+02 4.509E+02 5.229E+02 6.002E+02 6.829E+02 7.710E+02 8.644E+02 
5.000E+02 2.407E+00 9.602E+00 2.175E+01 3.866E+01 6.041E+01 8.699E+01 1.184E+02 1.546E+02 1.957E+02 2.416E+02 2.924E+02 3.480E+02 4.084E+02 4.736E+02 5.437E+02 6.186E+02 6.983E+02 7.829E+02 
6.000E+02 2.244E+00 8.953E+00 2.028E+01 3.605E+01 5.633E+01 8.111E+01 1.104E+02 1.442E+02 1.825E+02 2.253E+02 2.726E+02 3.244E+02 3.808E+02 4.416E+02 5.069E+02 5.768E+02 6.511E+02 7.300E+02 
7.000E+02 2.131E+00 8.506E+00 1.926E+01 3.425E+01 5.351E+01 7.706E+01 1.049E+02 1.370E+02 1.734E+02 2.141E+02 2.590E+02 3.082E+02 3.617E+02 4.195E+02 4.816E+02 5.480E+02 6.186E+02 6.935E+02 
8.000E+02 2.050E+00 8.184E+00 1.854E+01 3.295E+01 5.149E+01 7.415E+01 1.009E+02 1.318E+02 1.668E+02 2.060E+02 2.492E+02 2.966E+02 3.481E+02 4.037E+02 4.634E+02 5.273E+02 5.952E+02 6.673E+02 
9.000E+02 1.990E+00 7.949E+00 1.800E+01 3.201E+01 5.001E+01 7.202E+01 9.802E+01 1.280E+02 1.620E+02 2.001E+02 2.421E+02 2.881E+02 3.381E+02 3.921E+02 4.501E+02 5.121E+02 5.781E+02 6.482E+02 
1.000E+03 1.945E+00 7.770E+00 1.760E+01 3.129E+01 4.888E+01 7.039E+01 9.581E+01 1.251E+02 1.584E+02 1.955E+02 2.366E+02 2.816E+02 3.305E+02 3.832E+02 4.399E+02 5.006E+02 5.651E+02 6.335E+02 
