*---><---><--------><------------------------------------------------>
    0    0           Furusawa_2000
*---><---><--------><--------><--------><--------><--------><-------->
*Range shifter
  RCC    1       0.0       0.0       0.1       0.0       0.0  0.137   
                25.0
*---><---><--------><--------><--------><--------><--------><-------->
*cells (assuming water)
  RCC    2       0.0       0.0       5.0       0.0       0.0      0.02
                 5.0
*---><---><--------><--------><--------><--------><--------><-------->
*vacuum
  RCC    3       0.0       0.0      -5.0       0.0       0.0     200.0
                30.0
*black hole
  RCC    4       0.0       0.0     -10.0       0.0       0.0     250.0
                35.0
  END
*.<-><--->..<--->OR<--->OR<--->OR<--->OR<--->OR<--->OR<--->OR<--->OR<--->
  001          +1
  002          +2
  003          +3     -1     -2
  004          +4     -3
  END
*---><---><---><---><---><---><---><---><---><---><---><---><---><--->
    1    2    3    4
 2       3 1000    0
