* Stopping power tables calculated with libdEdx, version 1.2.1-svn0
* by user fredo on host fredo-ThinkPad-P52s.
* Date of this calculation: Tue Nov 17 13:49:48 2020
* Timestamp: 20201117_134948
* Target material id: 1
* Target material name: HYDROGEN
* Algorithm: DEDX_PSTAR for z = 1 and DEDX_MSTAR for z > 1
* Energy [MeV/nucleon] dE/dx [MeV cm2/g] for ions 1<=z<=18 
2.500E-02 3.316E+03 4.058E+03 5.277E+03 6.985E+03 9.188E+03 1.147E+04 1.314E+04 1.373E+04 1.333E+04 1.268E+04 1.220E+04 1.199E+04 1.306E+04 1.489E+04 1.667E+04 1.767E+04 1.767E+04 1.737E+04 
3.000E-02 3.490E+03 4.527E+03 5.934E+03 7.861E+03 1.034E+04 1.293E+04 1.485E+04 1.559E+04 1.526E+04 1.470E+04 1.432E+04 1.410E+04 1.533E+04 1.739E+04 1.935E+04 2.040E+04 2.031E+04 1.983E+04 
4.000E-02 3.710E+03 5.341E+03 7.116E+03 9.442E+03 1.243E+04 1.557E+04 1.796E+04 1.903E+04 1.891E+04 1.863E+04 1.851E+04 1.829E+04 1.982E+04 2.230E+04 2.461E+04 2.574E+04 2.545E+04 2.461E+04 
5.000E-02 3.808E+03 6.019E+03 8.149E+03 1.083E+04 1.426E+04 1.789E+04 2.074E+04 2.214E+04 2.229E+04 2.237E+04 2.258E+04 2.239E+04 2.421E+04 2.709E+04 2.970E+04 3.092E+04 3.044E+04 2.926E+04 
6.000E-02 3.822E+03 6.581E+03 9.051E+03 1.205E+04 1.587E+04 1.995E+04 2.321E+04 2.496E+04 2.541E+04 2.591E+04 2.650E+04 2.635E+04 2.845E+04 3.170E+04 3.460E+04 3.590E+04 3.527E+04 3.377E+04 
7.000E-02 3.781E+03 7.040E+03 9.834E+03 1.312E+04 1.728E+04 2.175E+04 2.540E+04 2.748E+04 2.826E+04 2.921E+04 3.020E+04 3.011E+04 3.249E+04 3.608E+04 3.925E+04 4.064E+04 3.988E+04 3.812E+04 
8.000E-02 3.702E+03 7.409E+03 1.051E+04 1.404E+04 1.850E+04 2.331E+04 2.731E+04 2.973E+04 3.084E+04 3.226E+04 3.366E+04 3.364E+04 3.628E+04 4.019E+04 4.361E+04 4.510E+04 4.426E+04 4.227E+04 
9.000E-02 3.601E+03 7.697E+03 1.108E+04 1.483E+04 1.955E+04 2.465E+04 2.897E+04 3.170E+04 3.315E+04 3.504E+04 3.686E+04 3.692E+04 3.980E+04 4.400E+04 4.765E+04 4.925E+04 4.835E+04 4.619E+04 
1.000E-01 3.487E+03 7.915E+03 1.155E+04 1.550E+04 2.043E+04 2.580E+04 3.040E+04 3.342E+04 3.520E+04 3.755E+04 3.977E+04 3.991E+04 4.302E+04 4.749E+04 5.136E+04 5.307E+04 5.215E+04 4.986E+04 
1.500E-01 2.890E+03 8.222E+03 1.280E+04 1.736E+04 2.290E+04 2.903E+04 3.458E+04 3.877E+04 4.198E+04 4.630E+04 5.025E+04 5.083E+04 5.481E+04 6.025E+04 6.496E+04 6.724E+04 6.659E+04 6.423E+04 
2.000E-01 2.402E+03 7.808E+03 1.284E+04 1.761E+04 2.326E+04 2.956E+04 3.549E+04 4.033E+04 4.449E+04 5.012E+04 5.521E+04 5.618E+04 6.063E+04 6.656E+04 7.176E+04 7.458E+04 7.448E+04 7.261E+04 
2.500E-01 2.031E+03 7.157E+03 1.232E+04 1.709E+04 2.262E+04 2.881E+04 3.480E+04 3.994E+04 4.467E+04 5.105E+04 5.679E+04 5.806E+04 6.275E+04 6.887E+04 7.432E+04 7.756E+04 7.807E+04 7.687E+04 
3.000E-01 1.753E+03 6.500E+03 1.162E+04 1.632E+04 2.165E+04 2.763E+04 3.352E+04 3.878E+04 4.382E+04 5.060E+04 5.669E+04 5.818E+04 6.297E+04 6.913E+04 7.470E+04 7.827E+04 7.934E+04 7.879E+04 
4.000E-01 1.384E+03 5.402E+03 1.026E+04 1.475E+04 1.967E+04 2.519E+04 3.077E+04 3.602E+04 4.128E+04 4.833E+04 5.467E+04 5.647E+04 6.127E+04 6.735E+04 7.300E+04 7.702E+04 7.897E+04 7.954E+04 
5.000E-01 1.158E+03 4.588E+03 9.100E+03 1.337E+04 1.796E+04 2.307E+04 2.833E+04 3.343E+04 3.869E+04 4.568E+04 5.199E+04 5.399E+04 5.871E+04 6.463E+04 7.026E+04 7.455E+04 7.713E+04 7.853E+04 
6.000E-01 1.007E+03 3.984E+03 8.160E+03 1.224E+04 1.656E+04 2.134E+04 2.632E+04 3.125E+04 3.641E+04 4.325E+04 4.943E+04 5.157E+04 5.619E+04 6.195E+04 6.751E+04 7.198E+04 7.501E+04 7.703E+04 
7.000E-01 8.942E+02 3.535E+03 7.415E+03 1.134E+04 1.545E+04 1.998E+04 2.473E+04 2.950E+04 3.456E+04 4.121E+04 4.726E+04 4.950E+04 5.404E+04 5.966E+04 6.517E+04 6.977E+04 7.313E+04 7.562E+04 
8.000E-01 8.059E+02 3.186E+03 6.802E+03 1.058E+04 1.453E+04 1.886E+04 2.342E+04 2.804E+04 3.299E+04 3.946E+04 4.536E+04 4.768E+04 5.215E+04 5.765E+04 6.310E+04 6.779E+04 7.141E+04 7.427E+04 
9.000E-01 7.349E+02 2.906E+03 6.287E+03 9.929E+03 1.374E+04 1.790E+04 2.229E+04 2.679E+04 3.162E+04 3.791E+04 4.367E+04 4.606E+04 5.045E+04 5.584E+04 6.123E+04 6.598E+04 6.980E+04 7.295E+04 
1.000E+00 6.764E+02 2.675E+03 5.847E+03 9.362E+03 1.305E+04 1.706E+04 2.131E+04 2.568E+04 3.041E+04 3.651E+04 4.214E+04 4.458E+04 4.891E+04 5.419E+04 5.953E+04 6.432E+04 6.829E+04 7.166E+04 
1.500E+00 4.897E+02 1.939E+03 4.342E+03 7.303E+03 1.051E+04 1.398E+04 1.769E+04 2.157E+04 2.580E+04 3.113E+04 3.614E+04 3.873E+04 4.277E+04 4.762E+04 5.265E+04 5.744E+04 6.178E+04 6.577E+04 
2.000E+00 3.881E+02 1.538E+03 3.468E+03 5.988E+03 8.832E+03 1.193E+04 1.525E+04 1.876E+04 2.260E+04 2.733E+04 3.186E+04 3.449E+04 3.828E+04 4.278E+04 4.751E+04 5.216E+04 5.656E+04 6.073E+04 
2.500E+00 3.235E+02 1.283E+03 2.898E+03 5.074E+03 7.616E+03 1.042E+04 1.345E+04 1.666E+04 2.017E+04 2.444E+04 2.858E+04 3.120E+04 3.478E+04 3.898E+04 4.345E+04 4.792E+04 5.224E+04 5.642E+04 
3.000E+00 2.785E+02 1.105E+03 2.498E+03 4.404E+03 6.693E+03 9.256E+03 1.204E+04 1.501E+04 1.825E+04 2.214E+04 2.597E+04 2.855E+04 3.194E+04 3.590E+04 4.012E+04 4.440E+04 4.860E+04 5.272E+04 
4.000E+00 2.195E+02 8.713E+02 1.971E+03 3.495E+03 5.389E+03 7.566E+03 9.965E+03 1.255E+04 1.538E+04 1.870E+04 2.202E+04 2.450E+04 2.758E+04 3.113E+04 3.493E+04 3.885E+04 4.278E+04 4.667E+04 
5.000E+00 1.823E+02 7.238E+02 1.637E+03 2.909E+03 4.516E+03 6.401E+03 8.508E+03 1.080E+04 1.331E+04 1.621E+04 1.917E+04 2.153E+04 2.435E+04 2.757E+04 3.103E+04 3.464E+04 3.829E+04 4.194E+04 
6.000E+00 1.565E+02 6.216E+02 1.406E+03 2.499E+03 3.893E+03 5.551E+03 7.427E+03 9.488E+03 1.174E+04 1.433E+04 1.699E+04 1.923E+04 2.185E+04 2.480E+04 2.798E+04 3.131E+04 3.471E+04 3.813E+04 
7.000E+00 1.375E+02 5.463E+02 1.236E+03 2.197E+03 3.427E+03 4.905E+03 6.594E+03 8.464E+03 1.052E+04 1.285E+04 1.528E+04 1.740E+04 1.984E+04 2.256E+04 2.551E+04 2.860E+04 3.178E+04 3.499E+04 
8.000E+00 1.229E+02 4.883E+02 1.105E+03 1.964E+03 3.066E+03 4.398E+03 5.933E+03 7.643E+03 9.526E+03 1.165E+04 1.389E+04 1.590E+04 1.818E+04 2.072E+04 2.346E+04 2.635E+04 2.933E+04 3.236E+04 
9.000E+00 1.113E+02 4.423E+02 1.001E+03 1.779E+03 2.778E+03 3.991E+03 5.396E+03 6.972E+03 8.712E+03 1.067E+04 1.274E+04 1.465E+04 1.680E+04 1.917E+04 2.174E+04 2.445E+04 2.726E+04 3.011E+04 
1.000E+01 1.019E+02 4.047E+02 9.156E+02 1.628E+03 2.543E+03 3.656E+03 4.952E+03 6.413E+03 8.029E+03 9.844E+03 1.177E+04 1.360E+04 1.562E+04 1.785E+04 2.027E+04 2.282E+04 2.547E+04 2.817E+04 
1.500E+01 7.233E+01 2.875E+02 6.504E+02 1.156E+03 1.807E+03 2.601E+03 3.537E+03 4.606E+03 5.803E+03 7.139E+03 8.584E+03 1.004E+04 1.163E+04 1.336E+04 1.522E+04 1.720E+04 1.928E+04 2.141E+04 
2.000E+01 5.675E+01 2.256E+02 5.104E+02 9.073E+02 1.418E+03 2.041E+03 2.778E+03 3.625E+03 4.578E+03 5.641E+03 6.801E+03 8.009E+03 9.316E+03 1.073E+04 1.226E+04 1.389E+04 1.560E+04 1.737E+04 
2.500E+01 4.704E+01 1.870E+02 4.231E+02 7.522E+02 1.175E+03 1.692E+03 2.303E+03 3.007E+03 3.802E+03 4.689E+03 5.662E+03 6.694E+03 7.808E+03 9.014E+03 1.031E+04 1.169E+04 1.315E+04 1.467E+04 
3.000E+01 4.038E+01 1.605E+02 3.632E+02 6.457E+02 1.009E+03 1.453E+03 1.977E+03 2.582E+03 3.267E+03 4.031E+03 4.871E+03 5.772E+03 6.745E+03 7.796E+03 8.925E+03 1.013E+04 1.140E+04 1.273E+04 
4.000E+01 3.179E+01 1.264E+02 2.861E+02 5.085E+02 7.946E+02 1.144E+03 1.557E+03 2.034E+03 2.574E+03 3.177E+03 3.842E+03 4.564E+03 5.344E+03 6.186E+03 7.090E+03 8.056E+03 9.078E+03 1.015E+04 
5.000E+01 2.647E+01 1.053E+02 2.382E+02 4.235E+02 6.617E+02 9.528E+02 1.297E+03 1.694E+03 2.144E+03 2.646E+03 3.201E+03 3.806E+03 4.461E+03 5.168E+03 5.928E+03 6.738E+03 7.598E+03 8.504E+03 
6.000E+01 2.284E+01 9.083E+01 2.055E+02 3.654E+02 5.709E+02 8.220E+02 1.119E+03 1.461E+03 1.850E+03 2.283E+03 2.763E+03 3.286E+03 3.854E+03 4.466E+03 5.124E+03 5.827E+03 6.573E+03 7.360E+03 
7.000E+01 2.019E+01 8.030E+01 1.817E+02 3.230E+02 5.047E+02 7.268E+02 9.893E+02 1.292E+03 1.635E+03 2.019E+03 2.443E+03 2.906E+03 3.409E+03 3.952E+03 4.535E+03 5.158E+03 5.820E+03 6.519E+03 
8.000E+01 1.817E+01 7.228E+01 1.636E+02 2.908E+02 4.543E+02 6.542E+02 8.904E+02 1.163E+03 1.472E+03 1.817E+03 2.199E+03 2.616E+03 3.070E+03 3.559E+03 4.085E+03 4.646E+03 5.243E+03 5.875E+03 
9.000E+01 1.658E+01 6.596E+01 1.493E+02 2.653E+02 4.146E+02 5.970E+02 8.126E+02 1.061E+03 1.343E+03 1.658E+03 2.007E+03 2.388E+03 2.802E+03 3.249E+03 3.729E+03 4.242E+03 4.788E+03 5.365E+03 
1.000E+02 1.529E+01 6.085E+01 1.377E+02 2.448E+02 3.825E+02 5.508E+02 7.497E+02 9.791E+02 1.239E+03 1.530E+03 1.851E+03 2.203E+03 2.585E+03 2.998E+03 3.441E+03 3.914E+03 4.418E+03 4.951E+03 
1.500E+02 1.135E+01 4.517E+01 1.022E+02 1.817E+02 2.839E+02 4.089E+02 5.565E+02 7.269E+02 9.200E+02 1.136E+03 1.374E+03 1.636E+03 1.919E+03 2.226E+03 2.555E+03 2.907E+03 3.282E+03 3.679E+03 
2.000E+02 9.323E+00 3.713E+01 8.401E+01 1.493E+02 2.334E+02 3.360E+02 4.574E+02 5.974E+02 7.561E+02 9.334E+02 1.129E+03 1.344E+03 1.577E+03 1.830E+03 2.100E+03 2.390E+03 2.698E+03 3.024E+03 
2.500E+02 8.092E+00 3.223E+01 7.294E+01 1.297E+02 2.026E+02 2.917E+02 3.971E+02 5.187E+02 6.564E+02 8.104E+02 9.806E+02 1.167E+03 1.370E+03 1.588E+03 1.823E+03 2.075E+03 2.342E+03 2.626E+03 
3.000E+02 7.266E+00 2.895E+01 6.551E+01 1.165E+02 1.820E+02 2.620E+02 3.567E+02 4.658E+02 5.896E+02 7.279E+02 8.807E+02 1.048E+03 1.230E+03 1.427E+03 1.638E+03 1.863E+03 2.104E+03 2.358E+03 
4.000E+02 6.236E+00 2.486E+01 5.625E+01 1.000E+02 1.563E+02 2.250E+02 3.063E+02 4.000E+02 5.063E+02 6.250E+02 7.563E+02 9.000E+02 1.056E+03 1.225E+03 1.406E+03 1.600E+03 1.806E+03 2.025E+03 
5.000E+02 5.625E+00 2.244E+01 5.077E+01 9.026E+01 1.410E+02 2.031E+02 2.764E+02 3.610E+02 4.569E+02 5.641E+02 6.826E+02 8.123E+02 9.534E+02 1.106E+03 1.269E+03 1.444E+03 1.630E+03 1.828E+03 
6.000E+02 5.228E+00 2.086E+01 4.721E+01 8.392E+01 1.311E+02 1.888E+02 2.570E+02 3.357E+02 4.249E+02 5.245E+02 6.347E+02 7.553E+02 8.864E+02 1.028E+03 1.180E+03 1.343E+03 1.516E+03 1.699E+03 
7.000E+02 4.954E+00 1.977E+01 4.474E+01 7.954E+01 1.243E+02 1.790E+02 2.436E+02 3.182E+02 4.027E+02 4.971E+02 6.015E+02 7.159E+02 8.401E+02 9.744E+02 1.119E+03 1.273E+03 1.437E+03 1.611E+03 
8.000E+02 4.755E+00 1.898E+01 4.296E+01 7.637E+01 1.193E+02 1.718E+02 2.339E+02 3.055E+02 3.866E+02 4.773E+02 5.776E+02 6.873E+02 8.067E+02 9.355E+02 1.074E+03 1.222E+03 1.379E+03 1.547E+03 
9.000E+02 4.608E+00 1.840E+01 4.165E+01 7.404E+01 1.157E+02 1.666E+02 2.267E+02 2.962E+02 3.748E+02 4.628E+02 5.599E+02 6.664E+02 7.820E+02 9.070E+02 1.041E+03 1.185E+03 1.337E+03 1.499E+03 
1.000E+03 4.496E+00 1.796E+01 4.064E+01 7.225E+01 1.129E+02 1.626E+02 2.213E+02 2.890E+02 3.657E+02 4.515E+02 5.464E+02 6.502E+02 7.631E+02 8.850E+02 1.016E+03 1.156E+03 1.305E+03 1.463E+03 
