* Stopping power tables calculated with libdEdx, version 1.2.1-svn0
* by user fredrik on host trip.
* Date of this calculation: Fri Oct 18 14:33:06 2019
* Timestamp: 20191018_143306
* Target material id: 222
* Target material name: MYLAR
* Algorithm: DEDX_PSTAR for z = 1 and DEDX_MSTAR for z > 1
* Energy [MeV/nucleon] dE/dx [MeV cm2/g] for ions 1<=z<=18 
2.500E-02 6.353E+02 1.269E+03 1.616E+03 2.138E+03 2.813E+03 3.512E+03 4.023E+03 4.203E+03 4.082E+03 3.881E+03 3.735E+03 3.672E+03 3.998E+03 4.560E+03 5.105E+03 5.408E+03 5.411E+03 5.318E+03 
3.000E-02 6.723E+02 1.370E+03 1.764E+03 2.337E+03 3.075E+03 3.844E+03 4.414E+03 4.634E+03 4.539E+03 4.372E+03 4.258E+03 4.193E+03 4.557E+03 5.170E+03 5.754E+03 6.065E+03 6.038E+03 5.896E+03 
4.000E-02 7.305E+02 1.539E+03 2.022E+03 2.683E+03 3.532E+03 4.424E+03 5.106E+03 5.408E+03 5.375E+03 5.294E+03 5.260E+03 5.199E+03 5.632E+03 6.339E+03 6.993E+03 7.316E+03 7.233E+03 6.995E+03 
5.000E-02 7.723E+02 1.673E+03 2.241E+03 2.978E+03 3.922E+03 4.920E+03 5.703E+03 6.089E+03 6.129E+03 6.152E+03 6.210E+03 6.158E+03 6.658E+03 7.450E+03 8.168E+03 8.503E+03 8.372E+03 8.046E+03 
6.000E-02 7.983E+02 1.782E+03 2.429E+03 3.234E+03 4.259E+03 5.352E+03 6.228E+03 6.697E+03 6.818E+03 6.952E+03 7.110E+03 7.071E+03 7.635E+03 8.507E+03 9.285E+03 9.634E+03 9.464E+03 9.062E+03 
7.000E-02 8.124E+02 1.870E+03 2.592E+03 3.457E+03 4.554E+03 5.731E+03 6.693E+03 7.243E+03 7.447E+03 7.698E+03 7.959E+03 7.936E+03 8.562E+03 9.509E+03 1.034E+04 1.071E+04 1.051E+04 1.005E+04 
8.000E-02 8.176E+02 1.941E+03 2.733E+03 3.653E+03 4.813E+03 6.064E+03 7.105E+03 7.734E+03 8.022E+03 8.392E+03 8.757E+03 8.752E+03 9.438E+03 1.046E+04 1.134E+04 1.173E+04 1.151E+04 1.100E+04 
9.000E-02 8.158E+02 1.998E+03 2.856E+03 3.824E+03 5.040E+03 6.358E+03 7.471E+03 8.175E+03 8.549E+03 9.036E+03 9.504E+03 9.519E+03 1.026E+04 1.135E+04 1.229E+04 1.270E+04 1.247E+04 1.191E+04 
1.000E-01 8.089E+02 2.042E+03 2.963E+03 3.975E+03 5.240E+03 6.616E+03 7.796E+03 8.572E+03 9.029E+03 9.631E+03 1.020E+04 1.024E+04 1.103E+04 1.218E+04 1.317E+04 1.361E+04 1.338E+04 1.279E+04 
1.500E-01 7.365E+02 2.133E+03 3.307E+03 4.485E+03 5.917E+03 7.500E+03 8.934E+03 1.002E+04 1.084E+04 1.196E+04 1.298E+04 1.313E+04 1.416E+04 1.556E+04 1.678E+04 1.737E+04 1.720E+04 1.659E+04 
2.000E-01 6.519E+02 2.100E+03 3.441E+03 4.719E+03 6.234E+03 7.924E+03 9.513E+03 1.081E+04 1.193E+04 1.344E+04 1.480E+04 1.506E+04 1.625E+04 1.784E+04 1.924E+04 1.999E+04 1.997E+04 1.946E+04 
2.500E-01 5.791E+02 2.014E+03 3.456E+03 4.795E+03 6.346E+03 8.084E+03 9.762E+03 1.121E+04 1.253E+04 1.432E+04 1.593E+04 1.629E+04 1.760E+04 1.932E+04 2.085E+04 2.176E+04 2.190E+04 2.156E+04 
3.000E-01 5.206E+02 1.903E+03 3.395E+03 4.768E+03 6.324E+03 8.071E+03 9.791E+03 1.133E+04 1.280E+04 1.478E+04 1.656E+04 1.699E+04 1.839E+04 2.019E+04 2.182E+04 2.286E+04 2.317E+04 2.301E+04 
4.000E-01 4.340E+02 1.677E+03 3.178E+03 4.568E+03 6.093E+03 7.803E+03 9.533E+03 1.116E+04 1.279E+04 1.497E+04 1.693E+04 1.749E+04 1.898E+04 2.086E+04 2.261E+04 2.386E+04 2.446E+04 2.464E+04 
5.000E-01 3.761E+02 1.482E+03 2.935E+03 4.313E+03 5.791E+03 7.440E+03 9.137E+03 1.078E+04 1.248E+04 1.473E+04 1.677E+04 1.741E+04 1.893E+04 2.084E+04 2.266E+04 2.404E+04 2.487E+04 2.532E+04 
6.000E-01 3.350E+02 1.324E+03 2.708E+03 4.062E+03 5.494E+03 7.082E+03 8.734E+03 1.037E+04 1.208E+04 1.435E+04 1.640E+04 1.711E+04 1.864E+04 2.055E+04 2.240E+04 2.388E+04 2.489E+04 2.556E+04 
7.000E-01 3.032E+02 1.201E+03 2.515E+03 3.844E+03 5.239E+03 6.777E+03 8.389E+03 1.001E+04 1.172E+04 1.398E+04 1.603E+04 1.679E+04 1.833E+04 2.023E+04 2.210E+04 2.366E+04 2.480E+04 2.565E+04 
8.000E-01 2.777E+02 1.101E+03 2.347E+03 3.651E+03 5.013E+03 6.507E+03 8.081E+03 9.677E+03 1.139E+04 1.362E+04 1.565E+04 1.646E+04 1.800E+04 1.990E+04 2.178E+04 2.339E+04 2.464E+04 2.563E+04 
9.000E-01 2.566E+02 1.018E+03 2.201E+03 3.476E+03 4.809E+03 6.265E+03 7.804E+03 9.377E+03 1.107E+04 1.327E+04 1.529E+04 1.612E+04 1.766E+04 1.955E+04 2.144E+04 2.310E+04 2.444E+04 2.554E+04 
1.000E+00 2.389E+02 9.485E+02 2.071E+03 3.317E+03 4.622E+03 6.043E+03 7.548E+03 9.098E+03 1.077E+04 1.294E+04 1.493E+04 1.579E+04 1.733E+04 1.920E+04 2.109E+04 2.278E+04 2.419E+04 2.539E+04 
1.500E+00 1.802E+02 7.163E+02 1.603E+03 2.697E+03 3.881E+03 5.163E+03 6.531E+03 7.964E+03 9.526E+03 1.150E+04 1.335E+04 1.430E+04 1.579E+04 1.758E+04 1.944E+04 2.121E+04 2.281E+04 2.428E+04 
2.000E+00 1.465E+02 5.825E+02 1.313E+03 2.267E+03 3.344E+03 4.517E+03 5.775E+03 7.104E+03 8.555E+03 1.035E+04 1.206E+04 1.306E+04 1.449E+04 1.620E+04 1.799E+04 1.975E+04 2.141E+04 2.299E+04 
2.500E+00 1.244E+02 4.945E+02 1.117E+03 1.956E+03 2.935E+03 4.017E+03 5.183E+03 6.422E+03 7.775E+03 9.420E+03 1.102E+04 1.203E+04 1.340E+04 1.503E+04 1.675E+04 1.847E+04 2.014E+04 2.175E+04 
3.000E+00 1.086E+02 4.316E+02 9.757E+02 1.721E+03 2.615E+03 3.616E+03 4.702E+03 5.864E+03 7.131E+03 8.650E+03 1.014E+04 1.115E+04 1.248E+04 1.402E+04 1.567E+04 1.734E+04 1.899E+04 2.059E+04 
4.000E+00 8.724E+01 3.469E+02 7.846E+02 1.391E+03 2.146E+03 3.012E+03 3.968E+03 4.998E+03 6.122E+03 7.443E+03 8.768E+03 9.756E+03 1.098E+04 1.239E+04 1.391E+04 1.547E+04 1.703E+04 1.858E+04 
5.000E+00 7.343E+01 2.920E+02 6.605E+02 1.173E+03 1.822E+03 2.582E+03 3.432E+03 4.358E+03 5.369E+03 6.540E+03 7.732E+03 8.685E+03 9.825E+03 1.112E+04 1.252E+04 1.397E+04 1.545E+04 1.692E+04 
6.000E+00 6.368E+01 2.532E+02 5.729E+02 1.018E+03 1.586E+03 2.261E+03 3.026E+03 3.865E+03 4.785E+03 5.837E+03 6.923E+03 7.836E+03 8.901E+03 1.010E+04 1.140E+04 1.276E+04 1.414E+04 1.554E+04 
7.000E+00 5.640E+01 2.243E+02 5.074E+02 9.019E+02 1.407E+03 2.014E+03 2.707E+03 3.475E+03 4.317E+03 5.275E+03 6.272E+03 7.144E+03 8.143E+03 9.264E+03 1.047E+04 1.174E+04 1.305E+04 1.437E+04 
8.000E+00 5.072E+01 2.017E+02 4.564E+02 8.113E+02 1.267E+03 1.817E+03 2.451E+03 3.157E+03 3.935E+03 4.815E+03 5.738E+03 6.570E+03 7.511E+03 8.561E+03 9.693E+03 1.089E+04 1.212E+04 1.337E+04 
9.000E+00 4.618E+01 1.836E+02 4.155E+02 7.387E+02 1.154E+03 1.657E+03 2.241E+03 2.895E+03 3.618E+03 4.431E+03 5.291E+03 6.086E+03 6.976E+03 7.963E+03 9.028E+03 1.015E+04 1.132E+04 1.250E+04 
1.000E+01 4.245E+01 1.688E+02 3.819E+02 6.790E+02 1.061E+03 1.525E+03 2.066E+03 2.675E+03 3.349E+03 4.106E+03 4.911E+03 5.671E+03 6.515E+03 7.447E+03 8.453E+03 9.518E+03 1.062E+04 1.175E+04 
1.500E+01 3.061E+01 1.217E+02 2.755E+02 4.898E+02 7.653E+02 1.102E+03 1.498E+03 1.951E+03 2.458E+03 3.024E+03 3.636E+03 4.253E+03 4.924E+03 5.657E+03 6.447E+03 7.286E+03 8.165E+03 9.069E+03 
2.000E+01 2.425E+01 9.642E+01 2.182E+02 3.880E+02 6.062E+02 8.729E+02 1.188E+03 1.550E+03 1.958E+03 2.412E+03 2.908E+03 3.425E+03 3.984E+03 4.590E+03 5.243E+03 5.938E+03 6.669E+03 7.426E+03 
2.500E+01 2.023E+01 8.046E+01 1.821E+02 3.238E+02 5.059E+02 7.285E+02 9.915E+02 1.295E+03 1.637E+03 2.019E+03 2.437E+03 2.882E+03 3.361E+03 3.880E+03 4.438E+03 5.033E+03 5.660E+03 6.313E+03 
3.000E+01 1.746E+01 6.942E+01 1.571E+02 2.794E+02 4.365E+02 6.286E+02 8.555E+02 1.117E+03 1.413E+03 1.744E+03 2.107E+03 2.497E+03 2.918E+03 3.373E+03 3.862E+03 4.383E+03 4.934E+03 5.509E+03 
4.000E+01 1.385E+01 5.507E+01 1.247E+02 2.216E+02 3.463E+02 4.987E+02 6.788E+02 8.865E+02 1.122E+03 1.385E+03 1.675E+03 1.989E+03 2.329E+03 2.696E+03 3.090E+03 3.511E+03 3.957E+03 4.425E+03 
5.000E+01 1.159E+01 4.610E+01 1.044E+02 1.855E+02 2.899E+02 4.174E+02 5.682E+02 7.421E+02 9.392E+02 1.159E+03 1.403E+03 1.668E+03 1.955E+03 2.264E+03 2.597E+03 2.952E+03 3.329E+03 3.726E+03 
6.000E+01 1.004E+01 3.993E+01 9.039E+01 1.607E+02 2.511E+02 3.616E+02 4.921E+02 6.428E+02 8.135E+02 1.004E+03 1.215E+03 1.445E+03 1.695E+03 1.964E+03 2.254E+03 2.563E+03 2.891E+03 3.237E+03 
7.000E+01 8.901E+00 3.541E+01 8.018E+01 1.425E+02 2.227E+02 3.207E+02 4.365E+02 5.701E+02 7.216E+02 8.908E+02 1.078E+03 1.282E+03 1.504E+03 1.744E+03 2.001E+03 2.276E+03 2.568E+03 2.877E+03 
8.000E+01 8.032E+00 3.196E+01 7.236E+01 1.286E+02 2.010E+02 2.894E+02 3.940E+02 5.145E+02 6.512E+02 8.040E+02 9.728E+02 1.158E+03 1.358E+03 1.575E+03 1.807E+03 2.056E+03 2.320E+03 2.599E+03 
9.000E+01 7.346E+00 2.923E+01 6.618E+01 1.177E+02 1.838E+02 2.647E+02 3.603E+02 4.706E+02 5.956E+02 7.354E+02 8.898E+02 1.059E+03 1.242E+03 1.441E+03 1.653E+03 1.881E+03 2.123E+03 2.379E+03 
1.000E+02 6.789E+00 2.702E+01 6.117E+01 1.088E+02 1.699E+02 2.447E+02 3.330E+02 4.350E+02 5.505E+02 6.797E+02 8.224E+02 9.787E+02 1.148E+03 1.332E+03 1.529E+03 1.739E+03 1.963E+03 2.200E+03 
1.500E+02 5.073E+00 2.019E+01 4.573E+01 8.129E+01 1.270E+02 1.829E+02 2.490E+02 3.252E+02 4.116E+02 5.081E+02 6.148E+02 7.316E+02 8.587E+02 9.958E+02 1.143E+03 1.301E+03 1.468E+03 1.646E+03 
2.000E+02 4.186E+00 1.667E+01 3.775E+01 6.711E+01 1.049E+02 1.510E+02 2.055E+02 2.684E+02 3.397E+02 4.194E+02 5.075E+02 6.040E+02 7.088E+02 8.221E+02 9.437E+02 1.074E+03 1.212E+03 1.359E+03 
2.500E+02 3.645E+00 1.452E+01 3.288E+01 5.845E+01 9.133E+01 1.315E+02 1.790E+02 2.338E+02 2.959E+02 3.653E+02 4.421E+02 5.261E+02 6.174E+02 7.161E+02 8.220E+02 9.353E+02 1.056E+03 1.184E+03 
3.000E+02 3.281E+00 1.307E+01 2.961E+01 5.264E+01 8.225E+01 1.184E+02 1.612E+02 2.106E+02 2.665E+02 3.290E+02 3.981E+02 4.737E+02 5.560E+02 6.448E+02 7.402E+02 8.422E+02 9.508E+02 1.066E+03 
4.000E+02 2.827E+00 1.127E+01 2.552E+01 4.537E+01 7.090E+01 1.021E+02 1.390E+02 1.815E+02 2.297E+02 2.836E+02 3.431E+02 4.084E+02 4.793E+02 5.558E+02 6.381E+02 7.260E+02 8.196E+02 9.188E+02 
5.000E+02 2.558E+00 1.020E+01 2.311E+01 4.108E+01 6.419E+01 9.243E+01 1.258E+02 1.643E+02 2.080E+02 2.567E+02 3.107E+02 3.697E+02 4.339E+02 5.032E+02 5.777E+02 6.573E+02 7.420E+02 8.319E+02 
6.000E+02 2.383E+00 9.509E+00 2.154E+01 3.829E+01 5.982E+01 8.614E+01 1.172E+02 1.531E+02 1.938E+02 2.393E+02 2.895E+02 3.446E+02 4.044E+02 4.690E+02 5.384E+02 6.126E+02 6.915E+02 7.753E+02 
7.000E+02 2.262E+00 9.030E+00 2.045E+01 3.636E+01 5.681E+01 8.181E+01 1.113E+02 1.454E+02 1.841E+02 2.272E+02 2.750E+02 3.272E+02 3.840E+02 4.454E+02 5.113E+02 5.817E+02 6.567E+02 7.363E+02 
8.000E+02 2.173E+00 8.673E+00 1.964E+01 3.492E+01 5.457E+01 7.857E+01 1.069E+02 1.397E+02 1.768E+02 2.183E+02 2.641E+02 3.143E+02 3.689E+02 4.278E+02 4.911E+02 5.587E+02 6.308E+02 7.072E+02 
9.000E+02 2.105E+00 8.409E+00 1.904E+01 3.386E+01 5.290E+01 7.618E+01 1.037E+02 1.354E+02 1.714E+02 2.116E+02 2.560E+02 3.047E+02 3.576E+02 4.147E+02 4.761E+02 5.417E+02 6.115E+02 6.856E+02 
1.000E+03 2.054E+00 8.202E+00 1.858E+01 3.303E+01 5.160E+01 7.431E+01 1.011E+02 1.321E+02 1.672E+02 2.064E+02 2.498E+02 2.972E+02 3.488E+02 4.046E+02 4.644E+02 5.284E+02 5.966E+02 6.688E+02 
