* Stopping power tables calculated with libdEdx, version 1.2.1-svn0
* by user fredo on host fredo-ThinkPad-P52s.
* Date of this calculation: Tue Nov 17 13:53:17 2020
* Timestamp: 20201117_135317
* Target material id: 3
* Target material name: LITHIUM
* Algorithm: DEDX_BETHE_EXT00 using mean excitation potential I = 45.20 eV
* Energy [MeV/nucleon] dE/dx [MeV cm2/g] for ions 1<=z<=18 
2.500E-02 5.834E+02 1.386E+03 1.986E+03 2.429E+03 2.782E+03 3.086E+03 3.364E+03 3.627E+03 3.885E+03 4.141E+03 4.400E+03 4.664E+03 4.934E+03 5.211E+03 5.497E+03 5.791E+03 6.095E+03 6.407E+03 
3.000E-02 6.390E+02 1.519E+03 2.175E+03 2.661E+03 3.048E+03 3.381E+03 3.685E+03 3.973E+03 4.255E+03 4.537E+03 4.820E+03 5.109E+03 5.405E+03 5.709E+03 6.022E+03 6.344E+03 6.676E+03 7.019E+03 
4.000E-02 7.379E+02 1.753E+03 2.512E+03 3.072E+03 3.519E+03 3.904E+03 4.255E+03 4.588E+03 4.914E+03 5.238E+03 5.566E+03 5.900E+03 6.241E+03 6.592E+03 6.953E+03 7.325E+03 7.709E+03 8.105E+03 
5.000E-02 8.243E+02 1.960E+03 2.808E+03 3.435E+03 3.935E+03 4.365E+03 4.757E+03 5.129E+03 5.494E+03 5.857E+03 6.223E+03 6.596E+03 6.978E+03 7.370E+03 7.774E+03 8.190E+03 8.619E+03 9.061E+03 
6.000E-02 8.741E+02 2.148E+03 3.076E+03 3.763E+03 4.310E+03 4.781E+03 5.211E+03 5.619E+03 6.018E+03 6.416E+03 6.817E+03 7.226E+03 7.644E+03 8.074E+03 8.516E+03 8.972E+03 9.442E+03 9.926E+03 
7.000E-02 8.914E+02 2.308E+03 3.323E+03 4.064E+03 4.656E+03 5.164E+03 5.628E+03 6.069E+03 6.500E+03 6.930E+03 7.363E+03 7.805E+03 8.256E+03 8.720E+03 9.198E+03 9.690E+03 1.020E+04 1.072E+04 
8.000E-02 8.912E+02 2.411E+03 3.552E+03 4.345E+03 4.977E+03 5.521E+03 6.017E+03 6.488E+03 6.949E+03 7.408E+03 7.872E+03 8.344E+03 8.826E+03 9.323E+03 9.833E+03 1.036E+04 1.090E+04 1.146E+04 
9.000E-02 8.811E+02 2.470E+03 3.759E+03 4.608E+03 5.279E+03 5.856E+03 6.382E+03 6.882E+03 7.371E+03 7.858E+03 8.349E+03 8.850E+03 9.362E+03 9.888E+03 1.043E+04 1.099E+04 1.156E+04 1.216E+04 
1.000E-01 8.655E+02 2.500E+03 3.914E+03 4.858E+03 5.565E+03 6.173E+03 6.727E+03 7.254E+03 7.769E+03 8.283E+03 8.801E+03 9.328E+03 9.868E+03 1.042E+04 1.099E+04 1.158E+04 1.219E+04 1.281E+04 
1.500E-01 7.659E+02 2.442E+03 4.194E+03 5.666E+03 6.774E+03 7.560E+03 8.239E+03 8.884E+03 9.515E+03 1.014E+04 1.078E+04 1.142E+04 1.209E+04 1.277E+04 1.346E+04 1.419E+04 1.493E+04 1.569E+04 
2.000E-01 6.749E+02 2.275E+03 4.124E+03 5.855E+03 7.333E+03 8.537E+03 9.492E+03 1.026E+04 1.099E+04 1.171E+04 1.245E+04 1.319E+04 1.396E+04 1.474E+04 1.555E+04 1.638E+04 1.724E+04 1.812E+04 
2.500E-01 6.016E+02 2.103E+03 3.951E+03 5.798E+03 7.488E+03 8.969E+03 1.024E+04 1.133E+04 1.227E+04 1.310E+04 1.392E+04 1.475E+04 1.560E+04 1.648E+04 1.738E+04 1.831E+04 1.927E+04 2.026E+04 
3.000E-01 5.428E+02 1.946E+03 3.753E+03 5.642E+03 7.450E+03 9.107E+03 1.060E+04 1.193E+04 1.313E+04 1.422E+04 1.522E+04 1.616E+04 1.709E+04 1.805E+04 1.904E+04 2.006E+04 2.111E+04 2.220E+04 
4.000E-01 4.554E+02 1.686E+03 3.372E+03 5.243E+03 7.139E+03 8.976E+03 1.072E+04 1.236E+04 1.390E+04 1.535E+04 1.673E+04 1.806E+04 1.935E+04 2.061E+04 2.186E+04 2.311E+04 2.436E+04 2.563E+04 
5.000E-01 3.937E+02 1.488E+03 3.045E+03 4.844E+03 6.735E+03 8.631E+03 1.049E+04 1.228E+04 1.401E+04 1.568E+04 1.730E+04 1.887E+04 2.042E+04 2.194E+04 2.346E+04 2.497E+04 2.649E+04 2.803E+04 
6.000E-01 3.479E+02 1.332E+03 2.772E+03 4.483E+03 6.330E+03 8.227E+03 1.012E+04 1.200E+04 1.383E+04 1.563E+04 1.739E+04 1.912E+04 2.084E+04 2.254E+04 2.423E+04 2.593E+04 2.764E+04 2.936E+04 
7.000E-01 3.124E+02 1.207E+03 2.544E+03 4.167E+03 5.954E+03 7.823E+03 9.724E+03 1.163E+04 1.352E+04 1.539E+04 1.724E+04 1.907E+04 2.090E+04 2.271E+04 2.453E+04 2.636E+04 2.819E+04 3.004E+04 
8.000E-01 2.841E+02 1.105E+03 2.351E+03 3.890E+03 5.611E+03 7.439E+03 9.321E+03 1.123E+04 1.314E+04 1.505E+04 1.695E+04 1.885E+04 2.075E+04 2.264E+04 2.454E+04 2.646E+04 2.838E+04 3.033E+04 
9.000E-01 2.609E+02 1.020E+03 2.187E+03 3.647E+03 5.303E+03 7.081E+03 8.933E+03 1.083E+04 1.274E+04 1.467E+04 1.660E+04 1.853E+04 2.047E+04 2.242E+04 2.438E+04 2.635E+04 2.834E+04 3.035E+04 
1.000E+00 2.415E+02 9.479E+02 2.045E+03 3.433E+03 5.025E+03 6.751E+03 8.566E+03 1.044E+04 1.234E+04 1.427E+04 1.621E+04 1.816E+04 2.013E+04 2.211E+04 2.410E+04 2.612E+04 2.815E+04 3.020E+04 
1.500E+00 1.782E+02 7.065E+02 1.552E+03 2.663E+03 3.983E+03 5.464E+03 7.068E+03 8.767E+03 1.054E+04 1.237E+04 1.425E+04 1.617E+04 1.812E+04 2.011E+04 2.214E+04 2.419E+04 2.628E+04 2.839E+04 
2.000E+00 1.428E+02 5.683E+02 1.260E+03 2.186E+03 3.308E+03 4.593E+03 6.010E+03 7.536E+03 9.151E+03 1.084E+04 1.260E+04 1.441E+04 1.627E+04 1.817E+04 2.012E+04 2.211E+04 2.414E+04 2.620E+04 
2.500E+00 1.199E+02 4.782E+02 1.065E+03 1.860E+03 2.837E+03 3.970E+03 5.235E+03 6.613E+03 8.086E+03 9.641E+03 1.127E+04 1.296E+04 1.471E+04 1.651E+04 1.836E+04 2.026E+04 2.220E+04 2.418E+04 
3.000E+00 1.038E+02 4.144E+02 9.258E+02 1.624E+03 2.490E+03 3.503E+03 4.645E+03 5.898E+03 7.249E+03 8.685E+03 1.020E+04 1.178E+04 1.342E+04 1.512E+04 1.687E+04 1.867E+04 2.052E+04 2.241E+04 
4.000E+00 8.245E+01 3.295E+02 7.386E+02 1.302E+03 2.009E+03 2.847E+03 3.803E+03 4.865E+03 6.021E+03 7.263E+03 8.583E+03 9.973E+03 1.143E+04 1.294E+04 1.451E+04 1.614E+04 1.781E+04 1.953E+04 
5.000E+00 6.885E+01 2.753E+02 6.180E+02 1.093E+03 1.692E+03 2.408E+03 3.232E+03 4.153E+03 5.165E+03 6.258E+03 7.427E+03 8.667E+03 9.970E+03 1.133E+04 1.276E+04 1.423E+04 1.576E+04 1.733E+04 
6.000E+00 5.936E+01 2.374E+02 5.334E+02 9.446E+02 1.467E+03 2.093E+03 2.817E+03 3.632E+03 4.532E+03 5.509E+03 6.559E+03 7.677E+03 8.858E+03 1.010E+04 1.139E+04 1.274E+04 1.414E+04 1.559E+04 
7.000E+00 5.234E+01 2.093E+02 4.705E+02 8.342E+02 1.297E+03 1.855E+03 2.502E+03 3.234E+03 4.045E+03 4.929E+03 5.883E+03 6.902E+03 7.981E+03 9.119E+03 1.031E+04 1.155E+04 1.285E+04 1.419E+04 
8.000E+00 4.691E+01 1.876E+02 4.219E+02 7.485E+02 1.165E+03 1.669E+03 2.255E+03 2.919E+03 3.657E+03 4.466E+03 5.340E+03 6.276E+03 7.271E+03 8.322E+03 9.426E+03 1.058E+04 1.178E+04 1.303E+04 
9.000E+00 4.258E+01 1.703E+02 3.830E+02 6.799E+02 1.059E+03 1.518E+03 2.054E+03 2.663E+03 3.342E+03 4.087E+03 4.894E+03 5.761E+03 6.684E+03 7.661E+03 8.690E+03 9.767E+03 1.089E+04 1.206E+04 
1.000E+01 3.904E+01 1.562E+02 3.512E+02 6.237E+02 9.722E+02 1.395E+03 1.889E+03 2.452E+03 3.080E+03 3.771E+03 4.522E+03 5.329E+03 6.191E+03 7.104E+03 8.067E+03 9.077E+03 1.013E+04 1.123E+04 
1.500E+01 2.793E+01 1.117E+02 2.513E+02 4.466E+02 6.972E+02 1.002E+03 1.361E+03 1.772E+03 2.234E+03 2.745E+03 3.304E+03 3.909E+03 4.559E+03 5.252E+03 5.987E+03 6.762E+03 7.577E+03 8.429E+03 
2.000E+01 2.201E+01 8.805E+01 1.981E+02 3.521E+02 5.500E+02 7.913E+02 1.076E+03 1.402E+03 1.771E+03 2.180E+03 2.628E+03 3.116E+03 3.641E+03 4.204E+03 4.802E+03 5.435E+03 6.102E+03 6.803E+03 
2.500E+01 1.831E+01 7.323E+01 1.648E+02 2.929E+02 4.575E+02 6.585E+02 8.956E+02 1.168E+03 1.477E+03 1.819E+03 2.196E+03 2.607E+03 3.050E+03 3.526E+03 4.032E+03 4.570E+03 5.138E+03 5.736E+03 
3.000E+01 1.576E+01 6.302E+01 1.418E+02 2.521E+02 3.938E+02 5.670E+02 7.713E+02 1.007E+03 1.273E+03 1.569E+03 1.895E+03 2.251E+03 2.636E+03 3.050E+03 3.491E+03 3.960E+03 4.456E+03 4.979E+03 
4.000E+01 1.245E+01 4.981E+01 1.121E+02 1.993E+02 3.113E+02 4.482E+02 6.100E+02 7.964E+02 1.007E+03 1.243E+03 1.502E+03 1.786E+03 2.093E+03 2.424E+03 2.778E+03 3.154E+03 3.553E+03 3.975E+03 
5.000E+01 1.040E+01 4.159E+01 9.358E+01 1.664E+02 2.599E+02 3.743E+02 5.094E+02 6.652E+02 8.416E+02 1.039E+03 1.256E+03 1.494E+03 1.751E+03 2.029E+03 2.327E+03 2.644E+03 2.980E+03 3.336E+03 
6.000E+01 8.988E+00 3.595E+01 8.089E+01 1.438E+02 2.247E+02 3.236E+02 4.404E+02 5.751E+02 7.277E+02 8.982E+02 1.086E+03 1.292E+03 1.516E+03 1.757E+03 2.015E+03 2.290E+03 2.583E+03 2.892E+03 
7.000E+01 7.959E+00 3.184E+01 7.163E+01 1.274E+02 1.990E+02 2.865E+02 3.900E+02 5.093E+02 6.445E+02 7.956E+02 9.624E+02 1.145E+03 1.343E+03 1.557E+03 1.786E+03 2.031E+03 2.291E+03 2.566E+03 
8.000E+01 7.174E+00 2.870E+01 6.457E+01 1.148E+02 1.794E+02 2.583E+02 3.515E+02 4.591E+02 5.810E+02 7.172E+02 8.677E+02 1.032E+03 1.211E+03 1.404E+03 1.611E+03 1.832E+03 2.067E+03 2.316E+03 
9.000E+01 6.554E+00 2.622E+01 5.899E+01 1.049E+02 1.639E+02 2.359E+02 3.211E+02 4.194E+02 5.308E+02 6.553E+02 7.928E+02 9.433E+02 1.107E+03 1.283E+03 1.473E+03 1.675E+03 1.890E+03 2.118E+03 
1.000E+02 6.052E+00 2.421E+01 5.447E+01 9.683E+01 1.513E+02 2.179E+02 2.965E+02 3.873E+02 4.902E+02 6.051E+02 7.321E+02 8.712E+02 1.022E+03 1.185E+03 1.360E+03 1.547E+03 1.746E+03 1.957E+03 
1.500E+02 4.508E+00 1.803E+01 4.057E+01 7.212E+01 1.127E+02 1.623E+02 2.209E+02 2.885E+02 3.651E+02 4.508E+02 5.454E+02 6.490E+02 7.617E+02 8.833E+02 1.014E+03 1.153E+03 1.302E+03 1.459E+03 
2.000E+02 3.712E+00 1.485E+01 3.341E+01 5.939E+01 9.280E+01 1.336E+02 1.819E+02 2.376E+02 3.007E+02 3.712E+02 4.492E+02 5.345E+02 6.273E+02 7.275E+02 8.351E+02 9.501E+02 1.073E+03 1.202E+03 
2.500E+02 3.227E+00 1.291E+01 2.905E+01 5.164E+01 8.068E+01 1.162E+02 1.581E+02 2.065E+02 2.614E+02 3.227E+02 3.905E+02 4.647E+02 5.454E+02 6.325E+02 7.261E+02 8.261E+02 9.326E+02 1.045E+03 
3.000E+02 2.902E+00 1.161E+01 2.612E+01 4.643E+01 7.255E+01 1.045E+02 1.422E+02 1.857E+02 2.351E+02 2.902E+02 3.511E+02 4.179E+02 4.904E+02 5.688E+02 6.529E+02 7.429E+02 8.386E+02 9.402E+02 
4.000E+02 2.495E+00 9.982E+00 2.246E+01 3.993E+01 6.239E+01 8.984E+01 1.223E+02 1.597E+02 2.021E+02 2.495E+02 3.020E+02 3.594E+02 4.217E+02 4.891E+02 5.615E+02 6.388E+02 7.212E+02 8.085E+02 
5.000E+02 2.255E+00 9.020E+00 2.029E+01 3.608E+01 5.637E+01 8.118E+01 1.105E+02 1.443E+02 1.826E+02 2.255E+02 2.728E+02 3.247E+02 3.811E+02 4.420E+02 5.073E+02 5.772E+02 6.517E+02 7.306E+02 
6.000E+02 2.098E+00 8.394E+00 1.889E+01 3.357E+01 5.246E+01 7.554E+01 1.028E+02 1.343E+02 1.700E+02 2.098E+02 2.539E+02 3.022E+02 3.546E+02 4.113E+02 4.721E+02 5.372E+02 6.064E+02 6.799E+02 
7.000E+02 1.990E+00 7.961E+00 1.791E+01 3.185E+01 4.976E+01 7.165E+01 9.753E+01 1.274E+02 1.612E+02 1.990E+02 2.408E+02 2.866E+02 3.364E+02 3.901E+02 4.478E+02 5.095E+02 5.752E+02 6.449E+02 
8.000E+02 1.913E+00 7.650E+00 1.721E+01 3.060E+01 4.781E+01 6.885E+01 9.371E+01 1.224E+02 1.549E+02 1.913E+02 2.314E+02 2.754E+02 3.232E+02 3.749E+02 4.303E+02 4.896E+02 5.527E+02 6.197E+02 
9.000E+02 1.853E+00 7.414E+00 1.668E+01 2.966E+01 4.634E+01 6.673E+01 9.082E+01 1.186E+02 1.501E+02 1.853E+02 2.243E+02 2.669E+02 3.132E+02 3.633E+02 4.170E+02 4.745E+02 5.357E+02 6.005E+02 
1.000E+03 1.808E+00 7.232E+00 1.627E+01 2.893E+01 4.520E+01 6.509E+01 8.859E+01 1.157E+02 1.464E+02 1.808E+02 2.188E+02 2.603E+02 3.055E+02 3.544E+02 4.068E+02 4.628E+02 5.225E+02 5.858E+02 
