* Stopping power tables calculated with libdEdx, version 1.2.1-svn0
* by user fredo on host fredo-ThinkPad-P52s.
* Date of this calculation: Fri Dec  3 15:36:34 2021
* Timestamp: 20211203_153634
* Target material id: 222
* Target material name: MYLAR
* Algorithm: DEDX_ICRU49 + DEDX_ICRU73 + DEDX_MSTAR for He-4 with E > 250 MeV
* Energy [MeV/nucleon] dE/dx [MeV cm2/g] for ions 1<=z<=18 
2.500E-02 6.353E+02 1.269E+03 2.242E+03 2.756E+03 3.161E+03 3.482E+03 3.769E+03 4.026E+03 4.235E+03 4.427E+03 4.585E+03 4.762E+03 4.930E+03 5.097E+03 5.283E+03 5.440E+03 5.636E+03 5.751E+03 
3.000E-02 6.723E+02 1.370E+03 2.448E+03 3.030E+03 3.495E+03 3.870E+03 4.200E+03 4.495E+03 4.735E+03 4.954E+03 5.138E+03 5.323E+03 5.505E+03 5.685E+03 5.884E+03 6.058E+03 6.266E+03 6.393E+03 
4.000E-02 7.305E+02 1.539E+03 2.786E+03 3.503E+03 4.086E+03 4.566E+03 4.981E+03 5.352E+03 5.656E+03 5.930E+03 6.169E+03 6.375E+03 6.587E+03 6.793E+03 7.018E+03 7.223E+03 7.450E+03 7.597E+03 
5.000E-02 7.723E+02 1.673E+03 3.041E+03 3.891E+03 4.592E+03 5.176E+03 5.675E+03 6.122E+03 6.491E+03 6.821E+03 7.118E+03 7.352E+03 7.597E+03 7.830E+03 8.083E+03 8.317E+03 8.566E+03 8.728E+03 
6.000E-02 7.983E+02 1.782E+03 3.229E+03 4.203E+03 5.019E+03 5.709E+03 6.296E+03 6.821E+03 7.254E+03 7.641E+03 7.997E+03 8.263E+03 8.542E+03 8.806E+03 9.087E+03 9.352E+03 9.623E+03 9.803E+03 
7.000E-02 8.124E+02 1.870E+03 3.363E+03 4.446E+03 5.372E+03 6.168E+03 6.847E+03 7.453E+03 7.955E+03 8.400E+03 8.817E+03 9.115E+03 9.430E+03 9.725E+03 1.003E+04 1.033E+04 1.062E+04 1.082E+04 
8.000E-02 8.176E+02 1.942E+03 3.457E+03 4.632E+03 5.660E+03 6.556E+03 7.328E+03 8.019E+03 8.593E+03 9.100E+03 9.583E+03 9.915E+03 1.026E+04 1.059E+04 1.093E+04 1.126E+04 1.158E+04 1.179E+04 
9.000E-02 8.158E+02 1.998E+03 3.520E+03 4.772E+03 5.889E+03 6.880E+03 7.742E+03 8.519E+03 9.168E+03 9.742E+03 1.029E+04 1.066E+04 1.106E+04 1.142E+04 1.179E+04 1.215E+04 1.249E+04 1.273E+04 
1.000E-01 8.089E+02 2.042E+03 3.562E+03 4.877E+03 6.072E+03 7.147E+03 8.095E+03 8.955E+03 9.679E+03 1.032E+04 1.094E+04 1.136E+04 1.180E+04 1.220E+04 1.261E+04 1.299E+04 1.336E+04 1.362E+04 
1.500E-01 7.365E+02 2.133E+03 3.591E+03 5.093E+03 6.535E+03 7.905E+03 9.177E+03 1.037E+04 1.142E+04 1.239E+04 1.338E+04 1.405E+04 1.476E+04 1.539E+04 1.602E+04 1.662E+04 1.716E+04 1.756E+04 
2.000E-01 6.519E+02 2.100E+03 3.503E+03 5.081E+03 6.639E+03 8.161E+03 9.617E+03 1.102E+04 1.228E+04 1.348E+04 1.475E+04 1.564E+04 1.659E+04 1.745E+04 1.832E+04 1.914E+04 1.989E+04 2.049E+04 
2.500E-01 5.791E+02 2.014E+03 3.385E+03 4.993E+03 6.611E+03 8.215E+03 9.778E+03 1.130E+04 1.271E+04 1.405E+04 1.553E+04 1.655E+04 1.768E+04 1.873E+04 1.979E+04 2.080E+04 2.174E+04 2.252E+04 
3.000E-01 5.206E+02 1.903E+03 3.260E+03 4.877E+03 6.525E+03 8.177E+03 9.808E+03 1.141E+04 1.290E+04 1.434E+04 1.597E+04 1.709E+04 1.835E+04 1.954E+04 2.074E+04 2.190E+04 2.299E+04 2.391E+04 
4.000E-01 4.340E+02 1.677E+03 3.021E+03 4.622E+03 6.291E+03 7.987E+03 9.690E+03 1.139E+04 1.298E+04 1.453E+04 1.635E+04 1.758E+04 1.901E+04 2.037E+04 2.177E+04 2.315E+04 2.444E+04 2.556E+04 
5.000E-01 3.761E+02 1.482E+03 2.806E+03 4.373E+03 6.033E+03 7.741E+03 9.475E+03 1.122E+04 1.286E+04 1.448E+04 1.641E+04 1.769E+04 1.923E+04 2.069E+04 2.222E+04 2.373E+04 2.516E+04 2.640E+04 
6.000E-01 3.350E+02 1.324E+03 2.617E+03 4.140E+03 5.779E+03 7.482E+03 9.225E+03 1.100E+04 1.267E+04 1.432E+04 1.632E+04 1.763E+04 1.923E+04 2.077E+04 2.238E+04 2.398E+04 2.550E+04 2.683E+04 
7.000E-01 3.032E+02 1.201E+03 2.450E+03 3.926E+03 5.536E+03 7.224E+03 8.966E+03 1.075E+04 1.243E+04 1.410E+04 1.616E+04 1.748E+04 1.912E+04 2.070E+04 2.238E+04 2.405E+04 2.563E+04 2.702E+04 
8.000E-01 2.777E+02 1.101E+03 2.302E+03 3.730E+03 5.308E+03 6.975E+03 8.707E+03 1.049E+04 1.218E+04 1.385E+04 1.595E+04 1.727E+04 1.894E+04 2.056E+04 2.228E+04 2.400E+04 2.563E+04 2.707E+04 
9.000E-01 2.566E+02 1.019E+03 2.170E+03 3.552E+03 5.094E+03 6.737E+03 8.454E+03 1.023E+04 1.191E+04 1.360E+04 1.572E+04 1.704E+04 1.873E+04 2.036E+04 2.212E+04 2.388E+04 2.554E+04 2.702E+04 
1.000E+00 2.389E+02 9.485E+02 2.052E+03 3.388E+03 4.894E+03 6.510E+03 8.209E+03 9.978E+03 1.165E+04 1.333E+04 1.548E+04 1.679E+04 1.849E+04 2.014E+04 2.192E+04 2.371E+04 2.540E+04 2.690E+04 
1.500E+00 1.802E+02 7.163E+02 1.613E+03 2.746E+03 4.076E+03 5.547E+03 7.131E+03 8.813E+03 1.043E+04 1.207E+04 1.422E+04 1.548E+04 1.719E+04 1.886E+04 2.069E+04 2.254E+04 2.430E+04 2.586E+04 
2.000E+00 1.465E+02 5.825E+02 1.331E+03 2.306E+03 3.482E+03 4.814E+03 6.275E+03 7.851E+03 9.391E+03 1.095E+04 1.306E+04 1.427E+04 1.594E+04 1.759E+04 1.941E+04 2.126E+04 2.303E+04 2.459E+04 
2.500E+00 1.244E+02 4.945E+02 1.134E+03 1.987E+03 3.035E+03 4.244E+03 5.590E+03 7.061E+03 8.515E+03 1.000E+04 1.203E+04 1.319E+04 1.482E+04 1.642E+04 1.821E+04 2.004E+04 2.179E+04 2.333E+04 
3.000E+00 1.086E+02 4.316E+02 9.906E+02 1.746E+03 2.689E+03 3.791E+03 5.034E+03 6.405E+03 7.778E+03 9.197E+03 1.113E+04 1.225E+04 1.383E+04 1.538E+04 1.712E+04 1.891E+04 2.063E+04 2.215E+04 
4.000E+00 8.724E+01 3.469E+02 7.941E+02 1.409E+03 2.190E+03 3.121E+03 4.190E+03 5.388E+03 6.613E+03 7.895E+03 9.654E+03 1.070E+04 1.216E+04 1.362E+04 1.526E+04 1.696E+04 1.859E+04 2.005E+04 
5.000E+00 7.343E+01 2.920E+02 6.663E+02 1.185E+03 1.850E+03 2.653E+03 3.584E+03 4.642E+03 5.742E+03 6.904E+03 8.497E+03 9.481E+03 1.084E+04 1.220E+04 1.374E+04 1.534E+04 1.689E+04 1.828E+04 
6.000E+00 6.368E+01 2.532E+02 5.764E+02 1.025E+03 1.604E+03 2.308E+03 3.132E+03 4.074E+03 5.069E+03 6.129E+03 7.574E+03 8.502E+03 9.767E+03 1.104E+04 1.248E+04 1.399E+04 1.545E+04 1.678E+04 
7.000E+00 5.640E+01 2.243E+02 5.095E+02 9.067E+02 1.419E+03 2.045E+03 2.782E+03 3.630E+03 4.536E+03 5.508E+03 6.824E+03 7.701E+03 8.881E+03 1.007E+04 1.142E+04 1.284E+04 1.423E+04 1.550E+04 
8.000E+00 5.072E+01 2.017E+02 4.576E+02 8.141E+02 1.274E+03 1.838E+03 2.504E+03 3.274E+03 4.104E+03 5.001E+03 6.205E+03 7.036E+03 8.140E+03 9.264E+03 1.053E+04 1.187E+04 1.318E+04 1.440E+04 
9.000E+00 4.618E+01 1.836E+02 4.162E+02 7.401E+02 1.158E+03 1.671E+03 2.279E+03 2.983E+03 3.749E+03 4.580E+03 5.686E+03 6.476E+03 7.511E+03 8.571E+03 9.763E+03 1.102E+04 1.227E+04 1.343E+04 
1.000E+01 4.245E+01 1.688E+02 3.823E+02 6.796E+02 1.063E+03 1.534E+03 2.093E+03 2.742E+03 3.451E+03 4.225E+03 5.247E+03 5.999E+03 6.972E+03 7.973E+03 9.098E+03 1.029E+04 1.148E+04 1.259E+04 
1.500E+01 3.061E+01 1.217E+02 2.753E+02 4.889E+02 7.639E+02 1.101E+03 1.501E+03 1.967E+03 2.486E+03 3.061E+03 3.788E+03 4.394E+03 5.139E+03 5.919E+03 6.788E+03 7.721E+03 8.663E+03 9.574E+03 
2.000E+01 2.425E+01 9.642E+01 2.179E+02 3.870E+02 6.043E+02 8.701E+02 1.185E+03 1.551E+03 1.962E+03 2.420E+03 2.980E+03 3.486E+03 4.088E+03 4.724E+03 5.428E+03 6.187E+03 6.964E+03 7.732E+03 
2.500E+01 2.023E+01 8.046E+01 1.818E+02 3.229E+02 5.042E+02 7.257E+02 9.877E+02 1.291E+03 1.634E+03 2.016E+03 2.471E+03 2.907E+03 3.411E+03 3.949E+03 4.541E+03 5.179E+03 5.839E+03 6.503E+03 
3.000E+01 1.746E+01 6.941E+01 1.568E+02 2.786E+02 4.351E+02 6.261E+02 8.519E+02 1.113E+03 1.408E+03 1.738E+03 2.122E+03 2.505E+03 2.941E+03 3.408E+03 3.918E+03 4.469E+03 5.044E+03 5.628E+03 
4.000E+01 1.385E+01 5.507E+01 1.244E+02 2.211E+02 3.453E+02 4.969E+02 6.760E+02 8.827E+02 1.116E+03 1.378E+03 1.675E+03 1.985E+03 2.330E+03 2.701E+03 3.105E+03 3.540E+03 3.998E+03 4.471E+03 
5.000E+01 1.159E+01 4.610E+01 1.041E+02 1.851E+02 2.891E+02 4.161E+02 5.662E+02 7.392E+02 9.351E+02 1.154E+03 1.399E+03 1.661E+03 1.950E+03 2.261E+03 2.598E+03 2.960E+03 3.343E+03 3.742E+03 
6.000E+01 1.004E+01 3.992E+01 9.020E+01 1.603E+02 2.505E+02 3.606E+02 4.907E+02 6.407E+02 8.105E+02 1.000E+03 1.212E+03 1.439E+03 1.689E+03 1.959E+03 2.250E+03 2.563E+03 2.894E+03 3.242E+03 
7.000E+01 8.901E+00 3.541E+01 8.000E+01 1.422E+02 2.222E+02 3.200E+02 4.354E+02 5.686E+02 7.194E+02 8.879E+02 1.075E+03 1.278E+03 1.499E+03 1.739E+03 1.997E+03 2.273E+03 2.567E+03 2.876E+03 
8.000E+01 8.032E+00 3.196E+01 7.220E+01 1.283E+02 2.006E+02 2.889E+02 3.931E+02 5.134E+02 6.497E+02 8.019E+02 9.707E+02 1.154E+03 1.354E+03 1.570E+03 1.803E+03 2.053E+03 2.318E+03 2.597E+03 
9.000E+01 7.346E+00 2.923E+01 6.604E+01 1.174E+02 1.835E+02 2.643E+02 3.597E+02 4.698E+02 5.945E+02 7.339E+02 8.882E+02 1.056E+03 1.239E+03 1.437E+03 1.650E+03 1.878E+03 2.121E+03 2.377E+03 
1.000E+02 6.789E+00 2.702E+01 6.104E+01 1.085E+02 1.696E+02 2.443E+02 3.326E+02 4.344E+02 5.498E+02 6.787E+02 8.214E+02 9.772E+02 1.146E+03 1.329E+03 1.526E+03 1.737E+03 1.961E+03 2.199E+03 
1.500E+02 5.073E+00 2.019E+01 4.563E+01 8.117E+01 1.268E+02 1.827E+02 2.488E+02 3.251E+02 4.116E+02 5.083E+02 6.153E+02 7.323E+02 8.596E+02 9.971E+02 1.144E+03 1.303E+03 1.471E+03 1.649E+03 
2.000E+02 4.186E+00 1.667E+01 3.767E+01 6.702E+01 1.047E+02 1.509E+02 2.055E+02 2.686E+02 3.401E+02 4.201E+02 5.086E+02 6.055E+02 7.109E+02 8.248E+02 9.471E+02 1.078E+03 1.217E+03 1.365E+03 
2.500E+02 3.645E+00 1.452E+01 3.281E+01 5.838E+01 9.128E+01 1.315E+02 1.791E+02 2.341E+02 2.965E+02 3.662E+02 4.434E+02 5.280E+02 6.200E+02 7.194E+02 8.262E+02 9.405E+02 1.062E+03 1.191E+03 
3.000E+02 3.281E+00 1.307E+01 2.955E+01 5.258E+01 8.222E+01 1.184E+02 1.613E+02 2.109E+02 2.671E+02 3.300E+02 3.996E+02 4.758E+02 5.588E+02 6.484E+02 7.448E+02 8.480E+02 9.578E+02 1.074E+03 
4.000E+02 2.827E+00 1.127E+01 2.548E+01 4.533E+01 7.089E+01 1.021E+02 1.391E+02 1.819E+02 2.304E+02 2.847E+02 3.447E+02 4.106E+02 4.822E+02 5.597E+02 6.430E+02 7.321E+02 8.271E+02 9.279E+02 
5.000E+02 2.558E+00 1.020E+01 2.306E+01 4.104E+01 6.419E+01 9.251E+01 1.260E+02 1.647E+02 2.087E+02 2.578E+02 3.123E+02 3.719E+02 4.369E+02 5.071E+02 5.826E+02 6.635E+02 7.496E+02 8.411E+02 
6.000E+02 2.383E+00 9.509E+00 2.150E+01 3.826E+01 5.983E+01 8.624E+01 1.174E+02 1.536E+02 1.945E+02 2.404E+02 2.912E+02 3.468E+02 4.074E+02 4.729E+02 5.434E+02 6.188E+02 6.992E+02 7.846E+02 
7.000E+02 2.262E+00 9.030E+00 2.042E+01 3.634E+01 5.683E+01 8.192E+01 1.116E+02 1.459E+02 1.848E+02 2.284E+02 2.766E+02 3.295E+02 3.871E+02 4.493E+02 5.163E+02 5.880E+02 6.644E+02 7.456E+02 
8.000E+02 2.173E+00 8.673E+00 1.964E+01 3.496E+01 5.468E+01 7.882E+01 1.073E+02 1.403E+02 1.778E+02 2.197E+02 2.662E+02 3.171E+02 3.725E+02 4.324E+02 4.969E+02 5.659E+02 6.394E+02 7.176E+02 
9.000E+02 2.105E+00 8.409E+00 1.907E+01 3.394E+01 5.309E+01 7.653E+01 1.042E+02 1.363E+02 1.726E+02 2.134E+02 2.584E+02 3.079E+02 3.617E+02 4.199E+02 4.825E+02 5.495E+02 6.210E+02 6.969E+02 
1.000E+03 2.054E+00 8.202E+00 1.864E+01 3.317E+01 5.187E+01 7.477E+01 1.018E+02 1.332E+02 1.687E+02 2.085E+02 2.525E+02 3.009E+02 3.534E+02 4.103E+02 4.715E+02 5.370E+02 6.069E+02 6.811E+02 
