* Stopping power tables calculated with libdEdx, version 1.2.1-svn0
* by user fredrik on host fredrik-P52s.
* Date of this calculation: Fri Apr 24 14:24:25 2020
* Timestamp: 20200424_142425
* Target material id: 82
* Target material name: LEAD
* Algorithm: DEDX_PSTAR for z = 1 and DEDX_MSTAR for z > 1
* Energy [MeV/nucleon] dE/dx [MeV cm2/g] for ions 1<=z<=18 
2.500E-02 7.294E+01 1.949E+02 2.534E+02 3.354E+02 4.412E+02 5.508E+02 6.309E+02 6.591E+02 6.402E+02 6.087E+02 5.859E+02 5.759E+02 6.271E+02 7.152E+02 8.006E+02 8.483E+02 8.487E+02 8.342E+02 
3.000E-02 7.885E+01 2.134E+02 2.797E+02 3.705E+02 4.875E+02 6.093E+02 6.998E+02 7.347E+02 7.195E+02 6.930E+02 6.750E+02 6.648E+02 7.224E+02 8.195E+02 9.121E+02 9.614E+02 9.572E+02 9.347E+02 
4.000E-02 8.884E+01 2.454E+02 3.269E+02 4.337E+02 5.709E+02 7.150E+02 8.252E+02 8.741E+02 8.687E+02 8.558E+02 8.502E+02 8.404E+02 9.104E+02 1.025E+03 1.130E+03 1.183E+03 1.169E+03 1.131E+03 
5.000E-02 9.702E+01 2.723E+02 3.686E+02 4.899E+02 6.451E+02 8.094E+02 9.382E+02 1.002E+03 1.008E+03 1.012E+03 1.022E+03 1.013E+03 1.095E+03 1.226E+03 1.344E+03 1.399E+03 1.377E+03 1.324E+03 
6.000E-02 1.038E+02 2.952E+02 4.060E+02 5.406E+02 7.120E+02 8.948E+02 1.041E+03 1.120E+03 1.140E+03 1.162E+03 1.189E+03 1.182E+03 1.276E+03 1.422E+03 1.552E+03 1.611E+03 1.582E+03 1.515E+03 
7.000E-02 1.095E+02 3.148E+02 4.398E+02 5.866E+02 7.728E+02 9.725E+02 1.136E+03 1.229E+03 1.264E+03 1.306E+03 1.351E+03 1.347E+03 1.453E+03 1.614E+03 1.755E+03 1.818E+03 1.784E+03 1.705E+03 
8.000E-02 1.141E+02 3.317E+02 4.703E+02 6.285E+02 8.281E+02 1.043E+03 1.223E+03 1.331E+03 1.380E+03 1.444E+03 1.507E+03 1.506E+03 1.624E+03 1.799E+03 1.952E+03 2.019E+03 1.981E+03 1.892E+03 
9.000E-02 1.180E+02 3.460E+02 4.979E+02 6.667E+02 8.786E+02 1.108E+03 1.302E+03 1.425E+03 1.490E+03 1.575E+03 1.657E+03 1.659E+03 1.789E+03 1.978E+03 2.142E+03 2.214E+03 2.173E+03 2.076E+03 
1.000E-01 1.211E+02 3.582E+02 5.228E+02 7.014E+02 9.245E+02 1.167E+03 1.376E+03 1.513E+03 1.593E+03 1.699E+03 1.800E+03 1.806E+03 1.947E+03 2.149E+03 2.324E+03 2.401E+03 2.360E+03 2.257E+03 
1.500E-01 1.281E+02 3.942E+02 6.138E+02 8.323E+02 1.098E+03 1.392E+03 1.658E+03 1.859E+03 2.013E+03 2.220E+03 2.409E+03 2.437E+03 2.628E+03 2.889E+03 3.114E+03 3.224E+03 3.192E+03 3.079E+03 
2.000E-01 1.263E+02 4.040E+02 6.642E+02 9.109E+02 1.203E+03 1.530E+03 1.836E+03 2.087E+03 2.302E+03 2.593E+03 2.857E+03 2.907E+03 3.137E+03 3.444E+03 3.713E+03 3.859E+03 3.854E+03 3.757E+03 
2.500E-01 1.204E+02 4.010E+02 6.901E+02 9.576E+02 1.267E+03 1.614E+03 1.949E+03 2.238E+03 2.502E+03 2.860E+03 3.182E+03 3.253E+03 3.515E+03 3.858E+03 4.164E+03 4.345E+03 4.374E+03 4.306E+03 
3.000E-01 1.133E+02 3.945E+02 7.055E+02 9.907E+02 1.314E+03 1.677E+03 2.035E+03 2.354E+03 2.659E+03 3.071E+03 3.441E+03 3.531E+03 3.822E+03 4.196E+03 4.534E+03 4.751E+03 4.815E+03 4.782E+03 
4.000E-01 9.999E+01 3.747E+02 7.117E+02 1.023E+03 1.364E+03 1.747E+03 2.135E+03 2.498E+03 2.863E+03 3.352E+03 3.792E+03 3.917E+03 4.250E+03 4.672E+03 5.063E+03 5.342E+03 5.477E+03 5.517E+03 
5.000E-01 8.950E+01 3.486E+02 6.915E+02 1.016E+03 1.365E+03 1.753E+03 2.153E+03 2.540E+03 2.940E+03 3.471E+03 3.951E+03 4.103E+03 4.461E+03 4.911E+03 5.339E+03 5.665E+03 5.860E+03 5.967E+03 
6.000E-01 8.137E+01 3.231E+02 6.617E+02 9.927E+02 1.343E+03 1.731E+03 2.135E+03 2.534E+03 2.953E+03 3.507E+03 4.008E+03 4.182E+03 4.557E+03 5.023E+03 5.475E+03 5.837E+03 6.082E+03 6.246E+03 
7.000E-01 7.505E+01 3.026E+02 6.345E+02 9.701E+02 1.322E+03 1.710E+03 2.117E+03 2.525E+03 2.958E+03 3.527E+03 4.044E+03 4.236E+03 4.625E+03 5.106E+03 5.577E+03 5.971E+03 6.258E+03 6.472E+03 
8.000E-01 7.008E+01 2.855E+02 6.094E+02 9.478E+02 1.301E+03 1.689E+03 2.098E+03 2.512E+03 2.956E+03 3.535E+03 4.064E+03 4.272E+03 4.672E+03 5.165E+03 5.654E+03 6.074E+03 6.398E+03 6.654E+03 
9.000E-01 6.612E+01 2.709E+02 5.862E+02 9.258E+02 1.281E+03 1.669E+03 2.078E+03 2.497E+03 2.949E+03 3.534E+03 4.071E+03 4.294E+03 4.704E+03 5.206E+03 5.709E+03 6.152E+03 6.508E+03 6.801E+03 
1.000E+00 6.292E+01 2.583E+02 5.646E+02 9.042E+02 1.260E+03 1.647E+03 2.058E+03 2.480E+03 2.937E+03 3.526E+03 4.069E+03 4.305E+03 4.723E+03 5.234E+03 5.749E+03 6.211E+03 6.595E+03 6.921E+03 
1.500E+00 5.222E+01 2.132E+02 4.775E+02 8.031E+02 1.156E+03 1.538E+03 1.945E+03 2.372E+03 2.837E+03 3.424E+03 3.975E+03 4.260E+03 4.703E+03 5.237E+03 5.790E+03 6.316E+03 6.794E+03 7.232E+03 
2.000E+00 4.534E+01 1.844E+02 4.159E+02 7.181E+02 1.059E+03 1.431E+03 1.829E+03 2.250E+03 2.710E+03 3.278E+03 3.821E+03 4.136E+03 4.590E+03 5.130E+03 5.698E+03 6.256E+03 6.782E+03 7.282E+03 
2.500E+00 4.040E+01 1.639E+02 3.703E+02 6.482E+02 9.730E+02 1.331E+03 1.718E+03 2.129E+03 2.577E+03 3.122E+03 3.651E+03 3.986E+03 4.443E+03 4.981E+03 5.551E+03 6.122E+03 6.674E+03 7.208E+03 
3.000E+00 3.663E+01 1.483E+02 3.352E+02 5.911E+02 8.983E+02 1.242E+03 1.616E+03 2.014E+03 2.450E+03 2.972E+03 3.485E+03 3.832E+03 4.287E+03 4.818E+03 5.384E+03 5.958E+03 6.523E+03 7.075E+03 
4.000E+00 3.118E+01 1.258E+02 2.846E+02 5.047E+02 7.782E+02 1.093E+03 1.439E+03 1.813E+03 2.221E+03 2.700E+03 3.180E+03 3.539E+03 3.983E+03 4.495E+03 5.044E+03 5.610E+03 6.177E+03 6.740E+03 
5.000E+00 2.737E+01 1.102E+02 2.493E+02 4.430E+02 6.877E+02 9.748E+02 1.296E+03 1.645E+03 2.027E+03 2.469E+03 2.919E+03 3.279E+03 3.709E+03 4.199E+03 4.726E+03 5.275E+03 5.831E+03 6.388E+03 
6.000E+00 2.453E+01 9.864E+01 2.231E+02 3.966E+02 6.177E+02 8.808E+02 1.179E+03 1.506E+03 1.864E+03 2.274E+03 2.697E+03 3.052E+03 3.467E+03 3.935E+03 4.440E+03 4.968E+03 5.508E+03 6.051E+03 
7.000E+00 2.231E+01 8.961E+01 2.027E+02 3.603E+02 5.622E+02 8.045E+02 1.082E+03 1.388E+03 1.725E+03 2.107E+03 2.506E+03 2.854E+03 3.254E+03 3.701E+03 4.184E+03 4.691E+03 5.213E+03 5.740E+03 
8.000E+00 2.051E+01 8.233E+01 1.862E+02 3.311E+02 5.169E+02 7.414E+02 1.000E+03 1.289E+03 1.606E+03 1.965E+03 2.341E+03 2.681E+03 3.065E+03 3.493E+03 3.956E+03 4.443E+03 4.945E+03 5.455E+03 
9.000E+00 1.903E+01 7.632E+01 1.727E+02 3.069E+02 4.794E+02 6.886E+02 9.312E+02 1.203E+03 1.503E+03 1.841E+03 2.198E+03 2.529E+03 2.898E+03 3.309E+03 3.751E+03 4.219E+03 4.703E+03 5.196E+03 
1.000E+01 1.778E+01 7.126E+01 1.612E+02 2.866E+02 4.477E+02 6.437E+02 8.720E+02 1.129E+03 1.414E+03 1.733E+03 2.073E+03 2.394E+03 2.750E+03 3.144E+03 3.568E+03 4.018E+03 4.484E+03 4.960E+03 
1.500E+01 1.359E+01 5.435E+01 1.230E+02 2.186E+02 3.416E+02 4.917E+02 6.686E+02 8.708E+02 1.097E+03 1.350E+03 1.623E+03 1.898E+03 2.198E+03 2.525E+03 2.877E+03 3.252E+03 3.644E+03 4.048E+03 
2.000E+01 1.116E+01 4.459E+01 1.009E+02 1.793E+02 2.802E+02 4.035E+02 5.491E+02 7.164E+02 9.049E+02 1.115E+03 1.344E+03 1.583E+03 1.842E+03 2.122E+03 2.424E+03 2.745E+03 3.083E+03 3.433E+03 
2.500E+01 9.550E+00 3.814E+01 8.630E+01 1.534E+02 2.397E+02 3.452E+02 4.698E+02 6.134E+02 7.756E+02 9.565E+02 1.155E+03 1.365E+03 1.593E+03 1.839E+03 2.103E+03 2.385E+03 2.682E+03 2.991E+03 
3.000E+01 8.393E+00 3.350E+01 7.580E+01 1.348E+02 2.106E+02 3.032E+02 4.127E+02 5.389E+02 6.817E+02 8.412E+02 1.017E+03 1.204E+03 1.408E+03 1.627E+03 1.863E+03 2.114E+03 2.380E+03 2.657E+03 
4.000E+01 6.822E+00 2.721E+01 6.158E+01 1.095E+02 1.710E+02 2.463E+02 3.352E+02 4.379E+02 5.541E+02 6.839E+02 8.271E+02 9.824E+02 1.150E+03 1.332E+03 1.526E+03 1.734E+03 1.954E+03 2.185E+03 
5.000E+01 5.804E+00 2.314E+01 5.236E+01 9.308E+01 1.454E+02 2.094E+02 2.851E+02 3.723E+02 4.712E+02 5.817E+02 7.037E+02 8.366E+02 9.807E+02 1.136E+03 1.303E+03 1.481E+03 1.670E+03 1.869E+03 
6.000E+01 5.088E+00 2.028E+01 4.589E+01 8.158E+01 1.275E+02 1.835E+02 2.498E+02 3.263E+02 4.130E+02 5.098E+02 6.168E+02 7.337E+02 8.604E+02 9.972E+02 1.144E+03 1.301E+03 1.468E+03 1.643E+03 
7.000E+01 4.557E+00 1.816E+01 4.108E+01 7.304E+01 1.141E+02 1.643E+02 2.237E+02 2.921E+02 3.697E+02 4.565E+02 5.523E+02 6.571E+02 7.708E+02 8.936E+02 1.025E+03 1.166E+03 1.316E+03 1.474E+03 
8.000E+01 4.146E+00 1.652E+01 3.737E+01 6.644E+01 1.038E+02 1.495E+02 2.035E+02 2.657E+02 3.363E+02 4.152E+02 5.024E+02 5.978E+02 7.014E+02 8.132E+02 9.333E+02 1.062E+03 1.198E+03 1.342E+03 
9.000E+01 3.818E+00 1.521E+01 3.442E+01 6.118E+01 9.560E+01 1.377E+02 1.874E+02 2.447E+02 3.097E+02 3.824E+02 4.627E+02 5.506E+02 6.461E+02 7.491E+02 8.598E+02 9.781E+02 1.104E+03 1.237E+03 
1.000E+02 3.551E+00 1.414E+01 3.200E+01 5.690E+01 8.890E+01 1.280E+02 1.742E+02 2.276E+02 2.880E+02 3.556E+02 4.303E+02 5.120E+02 6.009E+02 6.968E+02 7.998E+02 9.098E+02 1.027E+03 1.151E+03 
1.500E+02 2.713E+00 1.081E+01 2.446E+01 4.348E+01 6.794E+01 9.783E+01 1.332E+02 1.739E+02 2.201E+02 2.717E+02 3.288E+02 3.913E+02 4.592E+02 5.326E+02 6.114E+02 6.956E+02 7.852E+02 8.802E+02 
2.000E+02 2.270E+00 9.045E+00 2.047E+01 3.638E+01 5.685E+01 8.187E+01 1.114E+02 1.455E+02 1.842E+02 2.274E+02 2.752E+02 3.275E+02 3.843E+02 4.457E+02 5.117E+02 5.821E+02 6.572E+02 7.367E+02 
2.500E+02 1.996E+00 7.954E+00 1.800E+01 3.200E+01 5.000E+01 7.199E+01 9.799E+01 1.280E+02 1.620E+02 2.000E+02 2.420E+02 2.880E+02 3.380E+02 3.920E+02 4.500E+02 5.120E+02 5.779E+02 6.479E+02 
3.000E+02 1.810E+00 7.215E+00 1.633E+01 2.902E+01 4.535E+01 6.530E+01 8.889E+01 1.161E+02 1.469E+02 1.814E+02 2.195E+02 2.612E+02 3.066E+02 3.555E+02 4.082E+02 4.644E+02 5.243E+02 5.877E+02 
4.000E+02 1.576E+00 6.286E+00 1.423E+01 2.529E+01 3.951E+01 5.690E+01 7.745E+01 1.012E+02 1.280E+02 1.581E+02 1.913E+02 2.276E+02 2.671E+02 3.098E+02 3.556E+02 4.046E+02 4.568E+02 5.121E+02 
5.000E+02 1.437E+00 5.735E+00 1.298E+01 2.307E+01 3.605E+01 5.191E+01 7.066E+01 9.229E+01 1.168E+02 1.442E+02 1.745E+02 2.077E+02 2.437E+02 2.826E+02 3.245E+02 3.692E+02 4.167E+02 4.672E+02 
6.000E+02 1.347E+00 5.378E+00 1.217E+01 2.164E+01 3.381E+01 4.868E+01 6.626E+01 8.654E+01 1.095E+02 1.352E+02 1.636E+02 1.947E+02 2.285E+02 2.650E+02 3.042E+02 3.462E+02 3.908E+02 4.381E+02 
7.000E+02 1.286E+00 5.133E+00 1.162E+01 2.065E+01 3.227E+01 4.646E+01 6.324E+01 8.260E+01 1.045E+02 1.291E+02 1.562E+02 1.858E+02 2.181E+02 2.530E+02 2.904E+02 3.304E+02 3.730E+02 4.182E+02 
8.000E+02 1.242E+00 4.958E+00 1.122E+01 1.995E+01 3.117E+01 4.488E+01 6.109E+01 7.979E+01 1.010E+02 1.247E+02 1.508E+02 1.795E+02 2.107E+02 2.443E+02 2.805E+02 3.191E+02 3.603E+02 4.039E+02 
9.000E+02 1.209E+00 4.832E+00 1.093E+01 1.944E+01 3.037E+01 4.374E+01 5.953E+01 7.775E+01 9.841E+01 1.215E+02 1.470E+02 1.749E+02 2.053E+02 2.381E+02 2.734E+02 3.110E+02 3.511E+02 3.936E+02 
1.000E+03 1.185E+00 4.736E+00 1.072E+01 1.906E+01 2.977E+01 4.287E+01 5.836E+01 7.622E+01 9.647E+01 1.191E+02 1.441E+02 1.715E+02 2.013E+02 2.334E+02 2.680E+02 3.049E+02 3.442E+02 3.859E+02 
